1.00634   0.00113662
1.01271   0.00115107
1.01913   0.00116571
1.02559   0.00118053
1.03209   0.00119554
1.03863   0.00121074
1.04521   0.00122614
1.05184   0.00124173
1.0585   0.00125751
1.06521   0.0012735
1.07196   0.00128969
1.07875   0.00130609
1.08559   0.0013227
1.09247   0.00133952
1.09939   0.00135655
1.10636   0.00137379
1.11337   0.00139126
1.12042   0.00140895
1.12753   0.00142687
1.13467   0.00144501
1.14186   0.00146338
1.1491   0.00148199
1.15638   0.00150083
1.16371   0.00151991
1.17108   0.00153924
1.1785   0.00155881
1.18597   0.00157863
1.19349   0.0015987
1.20105   0.00161903
1.20866   0.00163961
1.21632   0.00166046
1.22403   0.00168157
1.23179   0.00170295
1.23959   0.0017246
1.24745   0.00174653
1.25535   0.00176874
1.26331   0.00179123
1.27131   0.001814
1.27937   0.00183707
1.28748   0.00186042
1.29564   0.00188408
1.30385   0.00190803
1.31211   0.0019323
1.32042   0.00195686
1.32879   0.00198174
1.33721   0.00200694
1.34569   0.00203246
1.35421   0.0020583
1.3628   0.00208447
1.37143   0.00211098
1.38012   0.00213782
1.38887   0.002165
1.39767   0.00219253
1.40653   0.0022204
1.41544   0.00224863
1.42441   0.00227723
1.43344   0.00230618
1.44252   0.0023355
1.45166   0.0023652
1.46086   0.00239527
1.47012   0.00242573
1.47944   0.00245657
1.48881   0.0024878
1.49825   0.00251944
1.50774   0.00255147
1.51729   0.00258391
1.52691   0.00261676
1.53659   0.00265004
1.54632   0.00268373
1.55612   0.00271785
1.56598   0.00275241
1.57591   0.00278741
1.58589   0.00282285
1.59594   0.00285874
1.60606   0.00289509
1.61624   0.0029319
1.62648   0.00296918
1.63679   0.00300693
1.64716   0.00304517
1.6576   0.00308388
1.6681   0.0031231
1.67867   0.00316281
1.68931   0.00320302
1.70001   0.00324375
1.71079   0.00328499
1.72163   0.00332676
1.73254   0.00336906
1.74352   0.0034119
1.75457   0.00345528
1.76569   0.00349921
1.77688   0.0035437
1.78814   0.00358876
1.79947   0.00363439
1.81087   0.0036806
1.82235   0.0037274
1.8339   0.0037748
1.84552   0.00382279
1.85721   0.0038714
1.86898   0.00392063
1.88083   0.00397048
1.89274   0.00402096
1.90474   0.00407209
1.91681   0.00412387
1.92896   0.0041763
1.94118   0.0042294
1.95348   0.00428318
1.96586   0.00433764
1.97832   0.00439279
1.99086   0.00444865
2.00347   0.00450521
2.01617   0.0045625
2.02894   0.00462051
2.0418   0.00467926
2.05474   0.00473876
2.06776   0.00479901
2.08087   0.00486004
2.09405   0.00492183
2.10732   0.00498441
2.12068   0.00504779
2.13412   0.00511198
2.14764   0.00517698
2.16125   0.0052428
2.17495   0.00530947
2.18873   0.00537698
2.2026   0.00544535
2.21656   0.00551459
2.2306   0.00558471
2.24474   0.00565572
2.25896   0.00572763
2.27328   0.00580046
2.28769   0.00587422
2.30218   0.00594891
2.31677   0.00602455
2.33145   0.00610116
2.34623   0.00617874
2.3611   0.0062573
2.37606   0.00633687
2.39112   0.00641744
2.40627   0.00649904
2.42152   0.00658168
2.43686   0.00666537
2.45231   0.00675012
2.46785   0.00683596
2.48349   0.00692288
2.49922   0.00701091
2.51506   0.00710006
2.531   0.00719034
2.54704   0.00728177
2.56318   0.00737436
2.57942   0.00746813
2.59577   0.00756309
2.61222   0.00765926
2.62877   0.00775665
2.64543   0.00785529
2.6622   0.00795517
2.67907   0.00805633
2.69604   0.00815877
2.71313   0.00826251
2.73032   0.00836758
2.74763   0.00847398
2.76504   0.00858173
2.78256   0.00869086
2.80019   0.00880137
2.81794   0.00891329
2.8358   0.00902663
2.85377   0.00914141
2.87185   0.00925765
2.89005   0.00937537
2.90836   0.00949459
2.9268   0.00961532
2.94534   0.00973759
2.96401   0.00986142
2.98279   0.00998681
3.00169   0.0101138
3.02071   0.0102424
3.03986   0.0103727
3.05912   0.0105046
3.07851   0.0106381
3.09802   0.0107734
3.11765   0.0109104
3.13741   0.0110492
3.15729   0.0111897
3.1773   0.0113319
3.19743   0.011476
3.21769   0.011622
3.23808   0.0117698
3.2586   0.0119194
3.27925   0.012071
3.30003   0.0122245
3.32095   0.01238
3.34199   0.0125374
3.36317   0.0126968
3.38448   0.0128583
3.40593   0.0130218
3.42752   0.0131874
3.44924   0.0133551
3.47109   0.0135249
3.49309   0.0136969
3.51523   0.0138711
3.5375   0.0140475
3.55992   0.0142261
3.58248   0.0144071
3.60518   0.0145903
3.62803   0.0147758
3.65102   0.0149637
3.67416   0.015154
3.69744   0.0153467
3.72087   0.0155419
3.74445   0.0157395
3.76818   0.0159397
3.79206   0.0161424
3.81609   0.0163477
3.84027   0.0165556
3.86461   0.0167661
3.8891   0.0169793
3.91375   0.0171953
3.93855   0.017414
3.96351   0.0176354
3.98862   0.0178597
4.0139   0.0180868
4.03934   0.0183168
4.06493   0.0185498
4.09069   0.0187857
4.11662   0.0190246
4.1427   0.0192666
4.16896   0.0195116
4.19538   0.0197597
4.22196   0.020011
4.24872   0.0202655
4.27564   0.0205233
4.30274   0.0207843
4.33   0.0210486
4.35744   0.0213163
4.38506   0.0215874
4.41285   0.021862
4.44081   0.02214
4.46895   0.0224216
4.49727   0.0227068
4.52577   0.0229955
4.55445   0.023288
4.58331   0.0235842
4.61236   0.0238842
4.64159   0.0241879
4.671   0.0244956
4.7006   0.0248071
4.73039   0.0251226
4.76037   0.0254422
4.79054   0.0257658
4.82089   0.0260935
4.85144   0.0264253
4.88219   0.0267614
4.91313   0.0271018
4.94426   0.0274465
4.97559   0.0277956
5.00713   0.0281492
5.03886   0.0285072
5.07079   0.0288698
5.10292   0.029237
5.13526   0.0296089
5.1678   0.0299855
5.20055   0.0303669
5.23351   0.0307532
5.26667   0.0311443
5.30005   0.0315405
5.33364   0.0319417
5.36744   0.032348
5.40145   0.0327594
5.43568   0.0331761
5.47013   0.0335982
5.50479   0.0340255
5.53967   0.0344583
5.57478   0.0348967
5.61011   0.0353406
5.64566   0.0357901
5.68144   0.0362454
5.71744   0.0367065
5.75367   0.0371734
5.79013   0.0376463
5.82683   0.0381252
5.86375   0.0386102
5.90091   0.0391013
5.93831   0.0395987
5.97594   0.0401025
6.01381   0.0406127
6.05192   0.0411293
6.09027   0.0416525
6.12886   0.0421824
6.1677   0.0427191
6.20679   0.0432625
6.24612   0.0438129
6.2857   0.0443703
6.32554   0.0449348
6.36562   0.0455064
6.40596   0.0460854
6.44656   0.0466717
6.48741   0.0472655
6.52852   0.0478668
6.56989   0.0484758
6.61153   0.0490926
6.65343   0.0497172
6.69559   0.0503497
6.73802   0.0509903
6.78072   0.0516391
6.82369   0.0522961
6.86693   0.0529615
6.91045   0.0536354
6.95424   0.0543178
6.99831   0.055009
7.04266   0.0557089
7.08729   0.0564177
7.1322   0.0571356
7.1774   0.0578626
7.22288   0.0585989
7.26865   0.0593445
7.31472   0.0600997
7.36107   0.0608645
7.40772   0.061639
7.45466   0.0624233
7.5019   0.0632177
7.54944   0.0640221
7.59729   0.0648369
7.64543   0.065662
7.69388   0.0664976
7.74264   0.0673438
7.7917   0.0682008
7.84108   0.0690688
7.89077   0.0699478
7.94077   0.070838
7.9911   0.0717395
8.04174   0.0726525
8.0927   0.0735772
8.14398   0.0745136
8.19559   0.075462
8.24753   0.0764224
8.29979   0.0773951
8.35239   0.0783802
8.40532   0.0793778
8.45858   0.0803881
8.51219   0.0814113
8.56613   0.0824476
8.62041   0.083497
8.67504   0.0845599
8.73002   0.0856362
8.78534   0.0867263
8.84101   0.0878303
8.89704   0.0889484
8.95342   0.0900807
9.01016   0.0912274
9.06726   0.0923888
9.12472   0.0935649
9.18254   0.0947561
9.24073   0.0959624
9.29929   0.0971841
9.35822   0.0984214
9.41753   0.0996744
9.47721   0.100943
9.53727   0.102229
9.5977   0.10353
9.65853   0.104848
9.71973   0.106183
9.78133   0.107535
9.84331   0.108905
9.90569   0.110291
9.96846   0.111696
10.0316   0.113118
10.0952   0.114559
10.1592   0.116017
10.2236   0.117495
10.2883   0.118991
10.3535   0.120506
10.4192   0.122041
10.4852   0.123595
10.5516   0.12517
10.6185   0.126764
10.6858   0.128378
10.7535   0.130013
10.8217   0.131669
10.8902   0.133346
10.9592   0.135045
11.0287   0.136765
11.0986   0.138507
11.1689   0.140272
11.2397   0.142059
11.3109   0.143868
11.3826   0.145701
11.4547   0.147557
11.5273   0.149437
11.6004   0.151341
11.6739   0.153269
11.7479   0.155222
11.8223   0.1572
11.8972   0.159203
11.9726   0.161231
12.0485   0.163286
12.1248   0.165366
12.2017   0.167474
12.279   0.169608
12.3568   0.171769
12.4351   0.173958
12.5139   0.176175
12.5932   0.178421
12.673   0.180695
12.7533   0.182998
12.8342   0.18533
12.9155   0.187693
12.9973   0.190085
13.0797   0.192508
13.1626   0.194962
13.246   0.197448
13.33   0.199965
13.4144   0.202514
13.4994   0.205096
13.585   0.207711
13.6711   0.210359
13.7577   0.213042
13.8449   0.215758
13.9326   0.218509
14.0209   0.221296
14.1098   0.224118
14.1992   0.226976
14.2892   0.229871
14.3797   0.232803
14.4708   0.235772
14.5625   0.238779
14.6548   0.241825
14.7477   0.24491
14.8412   0.248034
14.9352   0.251198
15.0299   0.254403
15.1251   0.257649
15.2209   0.260936
15.3174   0.264266
15.4145   0.267638
15.5122   0.271053
15.6105   0.274512
15.7094   0.278015
15.8089   0.281563
15.9091   0.285157
16.0099   0.288796
16.1114   0.292482
16.2135   0.296216
16.3162   0.299997
16.4196   0.303827
16.5237   0.307706
16.6284   0.311634
16.7338   0.315613
16.8398   0.319643
16.9465   0.323725
17.0539   0.327859
17.162   0.332046
17.2708   0.336286
17.3802   0.340581
17.4903   0.344932
17.6012   0.349338
17.7127   0.3538
17.825   0.35832
17.9379   0.362898
18.0516   0.367534
18.166   0.37223
18.2811   0.376987
18.397   0.381804
18.5136   0.386684
18.6309   0.391626
18.7489   0.396631
18.8678   0.401701
18.9873   0.406836
19.1076   0.412037
19.2287   0.417305
19.3506   0.42264
19.4732   0.428044
19.5966   0.433518
19.7208   0.439062
19.8458   0.444677
19.9715   0.450364
20.0981   0.456125
20.2255   0.46196
20.3536   0.46787
20.4826   0.473856
20.6124   0.479919
20.743   0.48606
20.8745   0.49228
21.0068   0.49858
21.1399   0.504961
21.2739   0.511425
21.4087   0.517972
21.5443   0.524603
21.6809   0.531319
21.8183   0.538123
21.9565   0.545014
22.0957   0.551993
22.2357   0.559063
22.3766   0.566224
22.5184   0.573478
22.6611   0.580825
22.8047   0.588266
22.9492   0.595804
23.0947   0.603439
23.241   0.611173
23.3883   0.619007
23.5365   0.626942
23.6857   0.634979
23.8358   0.64312
23.9868   0.651367
24.1388   0.65972
24.2918   0.668181
24.4457   0.676751
24.6006   0.685433
24.7565   0.694226
24.9134   0.703134
25.0713   0.712156
25.2302   0.721296
25.3901   0.730554
25.551   0.739932
25.7129   0.749431
25.8758   0.759053
26.0398   0.768801
26.2048   0.778674
26.3709   0.788675
26.538   0.798807
26.7062   0.809069
26.8754   0.819465
27.0457   0.829996
27.2171   0.840663
27.3896   0.851469
27.5632   0.862415
27.7378   0.873504
27.9136   0.884736
28.0905   0.896115
28.2685   0.907641
28.4477   0.919318
28.6279   0.931146
28.8094   0.943128
28.9919   0.955266
29.1757   0.967562
29.3605   0.980018
29.5466   0.992637
29.7338   1.00542
29.9223   1.01837
30.1119   1.03149
30.3027   1.04478
30.4947   1.05824
30.688   1.07188
30.8825   1.08569
31.0782   1.09969
31.2751   1.11387
31.4733   1.12823
31.6728   1.14279
31.8735   1.15753
32.0755   1.17246
32.2787   1.1876
32.4833   1.20292
32.6891   1.21845
32.8963   1.23419
33.1047   1.25012
33.3145   1.26627
33.5257   1.28263
33.7381   1.2992
33.9519   1.316
34.1671   1.33301
34.3836   1.35024
34.6015   1.3677
34.8208   1.38539
35.0414   1.40331
35.2635   1.42147
35.4869   1.43987
35.7118   1.45851
35.9381   1.47739
36.1659   1.49652
36.3951   1.51591
36.6257   1.53555
36.8578   1.55545
37.0914   1.57561
37.3264   1.59603
37.563   1.61673
37.801   1.6377
38.0406   1.65894
38.2816   1.68047
38.5242   1.70228
38.7684   1.72438
39.014   1.74677
39.2613   1.76946
39.5101   1.79245
39.7605   1.81574
40.0124   1.83934
40.266   1.86325
40.5211   1.88748
40.7779   1.91204
41.0363   1.93692
41.2964   1.96212
41.5581   1.98767
41.8215   2.01355
42.0865   2.03978
42.3532   2.06635
42.6216   2.09328
42.8917   2.12057
43.1635   2.14822
43.437   2.17624
43.7123   2.20463
43.9893   2.2334
44.2681   2.26256
44.5486   2.2921
44.8309   2.32204
45.115   2.35238
45.4009   2.38313
45.6886   2.41428
45.9781   2.44586
46.2695   2.47785
46.5627   2.51028
46.8578   2.54314
47.1547   2.57644
47.4536   2.61018
47.7543   2.64438
48.0569   2.67904
48.3615   2.71417
48.6679   2.74977
48.9763   2.78584
49.2867   2.82241
49.599   2.85946
49.9134   2.89702
50.2297   2.93508
50.548   2.97365
50.8683   3.01274
51.1907   3.05237
51.5151   3.09253
51.8415   3.13323
52.17   3.17448
52.5006   3.21629
52.8333   3.25866
53.1682   3.30162
53.5051   3.34515
53.8442   3.38927
54.1854   3.43399
54.5287   3.47932
54.8743   3.52527
55.222   3.57184
55.572   3.61905
55.9242   3.66689
56.2786   3.71539
56.6352   3.76455
56.9941   3.81438
57.3553   3.86489
57.7187   3.9161
58.0845   3.968
58.4526   4.0206
58.823   4.07393
59.1958   4.12799
59.5709   4.18279
59.9484   4.23834
60.3283   4.29466
60.7106   4.35174
61.0954   4.40961
61.4825   4.46827
61.8721   4.52774
62.2642   4.58803
62.6588   4.64915
63.0559   4.71111
63.4555   4.77392
63.8576   4.8376
64.2623   4.90216
64.6695   4.9676
65.0793   5.03396
65.4917   5.10123
65.9068   5.16942
66.3244   5.23857
66.7447   5.30867
67.1677   5.37974
67.5934   5.45179
68.0217   5.52485
68.4528   5.59892
68.8865   5.67402
69.3231   5.75016
69.7624   5.82736
70.2045   5.90563
70.6494   5.98499
71.0971   6.06546
71.247   6.09253
71.3971   6.11972
71.5476   6.14705
71.6985   6.17449
71.8496   6.20207
72.001   6.22977
72.1528   6.2576
72.3049   6.28556
72.4573   6.31365
72.6101   6.34187
72.7631   6.37022
72.9165   6.3987
73.0702   6.42731
73.2242   6.45606
73.3786   6.48493
73.5333   6.51395
73.6883   6.54309
73.8436   6.57238
73.9992   6.60179
74.1552   6.63135
74.3115   6.66104
74.4682   6.69087
74.6252   6.72084
74.7825   6.75094
74.9401   6.78119
75.0981   6.81157
75.2564   6.8421
75.415   6.87277
75.574   6.90358
75.7333   6.93454
75.8929   6.96564
76.0529   6.99688
76.2132   7.02827
76.3738   7.0598
76.5348   7.09149
76.6962   7.12331
76.8578   7.15529
77.0198   7.18742
77.1822   7.21969
77.3449   7.25212
77.5079   7.28469
77.6713   7.31742
77.835   7.3503
77.9991   7.38333
78.1635   7.41652
78.3283   7.44986
78.4934   7.48335
78.6589   7.51701
78.8247   7.55082
78.9908   7.58478
79.1573   7.61891
79.3242   7.65319
79.4914   7.68764
79.6589   7.72224
79.8269   7.75701
79.9951   7.79194
80.1638   7.82703
80.3327   7.86228
80.5021   7.8977
80.6718   7.93329
80.8418   7.96904
81.0122   8.00495
81.183   8.04104
81.3541   8.07729
81.5256   8.11372
81.6975   8.15031
81.8697   8.18707
82.0422   8.22401
82.2152   8.26112
82.3885   8.2984
82.5621   8.33585
82.7362   8.37348
82.9106   8.41129
83.0854   8.44927
83.2605   8.48744
83.436   8.52578
83.6119   8.56429
83.7881   8.60299
83.9647   8.64187
84.1417   8.68093
84.3191   8.72018
84.4968   8.75961
84.6749   8.79922
84.8534   8.83902
85.0323   8.879
85.2115   8.91917
85.3912   8.95953
85.5712   9.00008
85.7515   9.04082
85.9323   9.08175
86.1134   9.12287
86.2949   9.16418
86.4769   9.20569
86.6591   9.24739
86.8418   9.28929
87.0249   9.33138
87.2083   9.37367
87.3921   9.41616
87.5763   9.45884
87.761   9.50173
87.9459   9.54482
88.1313   9.58811
88.3171   9.6316
88.5033   9.6753
88.6898   9.7192
88.8768   9.76331
89.0641   9.80762
89.2519   9.85214
89.44   9.89688
89.6285   9.94182
89.8175   9.98697
90.0068   10.0323
90.1965   10.0779
90.3866   10.1237
90.5772   10.1697
90.7681   10.2159
90.9594   10.2624
91.1512   10.309
91.3433   10.3559
91.5359   10.403
91.7288   10.4503
91.9222   10.4978
92.1159   10.5456
92.3101   10.5936
92.5047   10.6418
92.6997   10.6902
92.8951   10.7389
93.0909   10.7878
93.2871   10.8369
93.4838   10.8862
93.6808   10.9358
93.8783   10.9856
94.0762   11.0357
94.2745   11.086
94.4732   11.1365
94.6723   11.1872
94.8719   11.2382
95.0719   11.2895
95.2723   11.3409
95.4731   11.3927
95.6744   11.4446
95.876   11.4968
96.0781   11.5493
96.2807   11.602
96.4836   11.6549
96.687   11.7081
96.8908   11.7615
97.095   11.8152
97.2997   11.8692
97.5048   11.9233
97.7103   11.9778
97.9163   12.0325
98.1227   12.0875
98.3295   12.1427
98.5368   12.1981
98.7445   12.2539
98.9527   12.3099
99.1613   12.3661
99.3703   12.4227
99.5797   12.4795
99.7897   12.5365
100   12.5938
100.211   12.6514
100.422   12.7093
100.634   12.7674
100.846   12.8258
101.058   12.8845
101.271   12.9434
101.485   13.0027
101.699   13.0622
101.913   13.122
102.128   13.182
102.343   13.2424
102.559   13.303
102.775   13.3639
102.992   13.4251
103.209   13.4866
103.427   13.5484
103.645   13.6104
103.863   13.6728
104.082   13.7354
104.301   13.7984
104.521   13.8616
104.742   13.9251
104.962   13.9889
105.184   14.0531
105.405   14.1175
105.627   14.1822
105.85   14.2472
106.073   14.3125
106.297   14.3782
106.521   14.4441
106.745   14.5104
106.97   14.5769
107.196   14.6438
107.422   14.711
107.648   14.7784
107.875   14.8462
108.103   14.9144
108.331   14.9828
108.559   15.0516
108.788   15.1206
109.017   15.19
109.247   15.2598
109.477   15.3298
109.708   15.4002
109.939   15.4709
110.171   15.5419
110.403   15.6133
110.636   15.685
110.869   15.757
111.103   15.8293
111.337   15.902
111.572   15.9751
111.807   16.0484
112.042   16.1221
112.279   16.1962
112.515   16.2706
112.753   16.3453
112.99   16.4204
113.228   16.4958
113.467   16.5716
113.706   16.6478
113.946   16.7243
114.186   16.8011
114.427   16.8783
114.668   16.9558
114.91   17.0338
115.152   17.112
115.395   17.1907
115.638   17.2697
115.882   17.349
116.126   17.4287
116.371   17.5088
116.616   17.5893
116.862   17.6701
117.108   17.7513
117.355   17.8329
117.602   17.9149
117.85   17.9972
118.099   18.0799
118.348   18.163
118.597   18.2465
118.847   18.3303
119.098   18.4146
119.349   18.4992
119.6   18.5842
119.852   18.6696
120.105   18.7554
120.358   18.8416
120.612   18.9281
120.866   19.0151
121.121   19.1025
121.376   19.1903
121.632   19.2784
121.888   19.367
122.145   19.456
122.403   19.5454
122.661   19.6352
122.919   19.7254
123.179   19.816
123.959   20.0903
124.745   20.3683
125.535   20.6502
126.331   20.9359
127.131   21.2254
127.937   21.5189
128.748   21.8164
129.564   22.1179
130.385   22.4234
131.211   22.733
132.042   23.0468
132.879   23.3648
133.721   23.687
134.569   24.0135
135.421   24.3443
136.28   24.6795
137.143   25.0191
138.012   25.3632
138.887   25.7118
139.767   26.0649
140.653   26.4226
141.544   26.7849
142.441   27.1519
143.344   27.5236
144.252   27.9
145.166   28.2812
146.086   28.6673
147.012   29.0582
147.944   29.4541
148.881   29.8548
149.825   30.2606
150.774   30.6714
151.729   31.0872
152.691   31.5081
153.659   31.9342
154.632   32.3654
155.612   32.8017
156.598   33.2433
157.591   33.6901
158.589   34.1422
159.594   34.5995
160.606   35.0622
161.624   35.5302
162.648   36.0036
163.679   36.4823
164.716   36.9664
165.76   37.4559
166.81   37.9509
167.867   38.4512
168.931   38.957
170.001   39.4682
171.079   39.9849
172.163   40.507
173.254   41.0345
174.352   41.5675
175.457   42.1059
176.569   42.6497
177.688   43.1988
178.814   43.7534
179.947   44.3133
181.087   44.8786
182.235   45.4491
183.39   46.0249
184.552   46.606
185.721   47.1922
186.898   47.7836
188.083   48.3801
189.274   48.9816
190.474   49.5881
191.681   50.1995
192.896   50.8158
194.118   51.4369
195.348   52.0626
196.586   52.693
197.832   53.3279
201.617   55.2587
205.474   57.2263
209.405   59.2274
210.732   59.9012
212.068   60.578
213.412   61.2579
214.764   61.9404
216.125   62.6256
217.495   63.3131
218.873   64.0028
220.26   64.6945
221.656   65.3879
223.06   66.0828
224.474   66.7789
225.896   67.4762
227.328   68.1741
228.769   68.8726
230.218   69.5713
231.677   70.27
233.145   70.9683
234.623   71.6659
236.11   72.3626
237.606   73.058
239.112   73.7518
240.627   74.4436
242.152   75.1331
243.686   75.8199
244.2   76.0482
244.715   76.2761
245.231   76.5036
245.748   76.7308
246.266   76.9576
246.785   77.1839
247.305   77.4098
247.826   77.6353
248.349   77.8604
248.872   78.0849
249.397   78.309
249.922   78.5326
250.449   78.7556
250.977   78.9782
251.506   79.2001
252.036   79.4215
252.568   79.6424
253.1   79.8626
253.634   80.0822
254.168   80.3012
254.704   80.5195
255.241   80.7372
255.779   80.9542
256.318   81.1705
256.858   81.3861
257.4   81.601
257.942   81.8151
258.486   82.0284
259.031   82.241
259.577   82.4528
260.124   82.6637
260.672   82.8738
261.222   83.0831
261.773   83.2915
262.324   83.499
262.877   83.7056
263.431   83.9112
263.987   84.1159
264.543   84.3197
265.101   84.5225
265.66   84.7242
266.22   84.925
266.781   85.1247
267.343   85.3234
267.907   85.521
268.471   85.7174
269.037   85.9128
269.604   86.107
270.173   86.3001
270.742   86.492
271.313   86.6827
271.885   86.8722
272.458   87.0605
273.032   87.2475
273.608   87.4332
274.185   87.6177
274.763   87.8008
275.342   87.9826
275.922   88.163
276.504   88.3421
277.087   88.5197
277.671   88.696
278.256   88.8708
278.842   89.0441
279.43   89.216
280.019   89.3863
280.61   89.5551
281.201   89.7224
281.794   89.8881
282.388   90.0523
282.983   90.2148
283.58   90.3757
284.177   90.535
284.776   90.6925
285.377   90.8484
285.978   91.0026
286.581   91.155
287.185   91.3057
287.79   91.4545
288.397   91.6016
289.005   91.7469
289.614   91.8903
290.225   92.0318
290.836   92.1715
291.45   92.3092
292.064   92.445
292.68   92.5789
293.296   92.7108
293.915   92.8406
294.534   92.9685
295.155   93.0943
295.777   93.218
296.401   93.3397
297.026   93.4593
297.652   93.5767
298.279   93.6919
298.908   93.805
299.538   93.9159
300.169   94.0246
300.802   94.131
301.436   94.2352
302.071   94.3371
302.708   94.4367
303.346   94.5339
303.986   94.6288
304.627   94.7214
305.269   94.8115
305.912   94.8992
306.557   94.9845
307.203   95.0674
307.851   95.1478
308.5   95.2256
309.15   95.301
309.802   95.3738
310.455   95.4441
311.109   95.5117
311.765   95.5768
312.422   95.6393
313.081   95.6991
313.741   95.7562
314.402   95.8107
315.065   95.8625
315.729   95.9115
316.394   95.9578
317.061   96.0014
317.73   96.0422
318.399   96.0801
319.07   96.1153
319.743   96.1476
320.417   96.1771
321.092   96.2037
321.769   96.2274
322.448   96.2482
323.127   96.266
323.808   96.281
324.491   96.2929
325.175   96.3019
325.86   96.3079
326.547   96.3109
327.236   96.3108
327.925   96.3077
328.617   96.3016
329.309   96.2924
330.003   96.28
330.699   96.2646
331.396   96.246
332.095   96.2244
332.795   96.1995
333.496   96.1715
334.199   96.1403
334.904   96.106
335.61   96.0684
336.317   96.0276
337.026   95.9836
337.736   95.9363
338.448   95.8858
339.162   95.8321
339.877   95.775
340.593   95.7147
341.311   95.6511
342.031   95.5841
342.752   95.5139
343.474   95.4403
344.198   95.3634
344.924   95.2832
345.651   95.1996
346.379   95.1126
347.109   95.0223
347.841   94.9287
348.574   94.8316
349.309   94.7312
350.045   94.6274
350.783   94.5202
351.523   94.4096
352.264   94.2956
353.006   94.1783
353.75   94.0575
354.496   93.9333
355.243   93.8057
355.992   93.6747
356.742   93.5403
357.494   93.4025
358.248   93.2613
359.003   93.1166
359.76   92.9686
360.518   92.8172
361.278   92.6623
362.04   92.5041
362.803   92.3425
363.568   92.1775
364.334   92.0091
365.102   91.8374
365.872   91.6623
366.643   91.4838
367.416   91.3019
368.19   91.1168
368.966   90.9282
369.744   90.7364
370.523   90.5412
371.305   90.3428
372.087   90.141
372.872   89.936
373.658   89.7277
374.445   89.5161
375.234   89.3013
376.025   89.0833
376.818   88.862
377.612   88.6376
378.408   88.41
379.206   88.1792
380.005   87.9453
380.806   87.7083
381.609   87.4682
382.413   87.225
383.22   86.9788
384.027   86.7295
384.837   86.4772
385.648   86.2219
386.461   85.9637
387.276   85.7025
388.092   85.4384
388.91   85.1714
389.73   84.9016
390.551   84.6289
391.375   84.3535
392.2   84.0752
393.026   83.7943
393.855   83.5106
394.685   83.2243
395.517   82.9353
396.351   82.6437
397.186   82.3496
398.023   82.0529
398.862   81.7538
399.703   81.4521
400.546   81.1481
401.39   80.8416
402.236   80.5329
403.084   80.2218
403.934   79.9085
404.785   79.5929
405.638   79.2752
406.493   78.9553
407.35   78.6334
408.209   78.3094
409.069   77.9835
409.932   77.6555
410.796   77.3257
411.662   76.9941
412.529   76.6606
413.399   76.3254
414.27   75.9885
422.196   72.889
430.274   69.6976
438.506   66.46
439.43   66.0995
440.356   65.7392
441.285   65.379
442.215   65.0191
443.147   64.6596
444.081   64.3004
445.017   63.9418
445.955   63.5837
446.895   63.2262
447.837   62.8694
448.781   62.5134
449.727   62.1583
450.675   61.8041
451.625   61.4509
452.577   61.0989
453.531   60.7479
454.487   60.3983
455.445   60.0499
456.405   59.703
457.367   59.3575
458.331   59.0136
459.298   58.6714
460.266   58.3308
461.236   57.9921
462.208   57.6552
463.183   57.3203
464.159   56.9875
465.137   56.6567
466.118   56.3282
467.1   56.0019
468.085   55.678
469.072   55.3565
470.06   55.0376
471.051   54.7212
472.044   54.4075
473.039   54.0966
474.036   53.7885
475.036   53.4833
476.037   53.1811
477.04   52.882
478.046   52.586
479.054   52.2933
480.063   52.0038
481.075   51.7178
482.089   51.4352
483.106   51.1561
484.124   50.8806
485.144   50.6088
486.167   50.3408
487.192   50.0766
488.219   49.8163
489.248   49.5599
490.279   49.3076
491.313   49.0594
492.348   48.8155
493.386   48.5757
494.426   48.3403
494.773   48.2628
495.121   48.1858
495.468   48.1093
495.816   48.0333
496.164   47.9577
496.513   47.8827
496.861   47.8082
497.21   47.7342
497.559   47.6607
497.909   47.5877
498.258   47.5152
498.608   47.4432
498.958   47.3718
499.309   47.3008
499.659   47.2304
500.01   47.1605
500.361   47.0911
500.713   47.0223
501.064   46.954
501.416   46.8862
501.768   46.819
502.12   46.7523
502.473   46.6861
502.826   46.6205
503.179   46.5554
503.532   46.4909
503.886   46.4269
504.239   46.3635
504.593   46.3006
504.948   46.2383
505.302   46.1765
505.657   46.1153
506.012   46.0546
506.367   45.9945
506.723   45.935
507.079   45.876
507.435   45.8176
507.791   45.7598
508.148   45.7026
508.504   45.6459
508.862   45.5898
509.219   45.5343
509.576   45.4793
509.934   45.425
510.292   45.3712
510.651   45.318
511.009   45.2654
511.368   45.2134
511.727   45.162
512.086   45.1111
512.446   45.0609
512.806   45.0112
513.166   44.9622
513.526   44.9138
513.887   44.8659
514.247   44.8187
514.608   44.772
514.97   44.726
515.331   44.6806
515.693   44.6358
516.055   44.5916
516.418   44.548
516.78   44.505
517.143   44.4626
517.506   44.4209
517.87   44.3797
518.233   44.3392
518.597   44.2993
518.961   44.2601
519.326   44.2214
519.69   44.1834
520.055   44.146
520.42   44.1092
520.786   44.0731
521.151   44.0376
521.517   44.0027
521.883   43.9685
522.25   43.9349
522.617   43.9019
522.984   43.8695
523.351   43.8378
523.718   43.8068
524.086   43.7763
524.454   43.7465
524.822   43.7174
525.191   43.6889
525.559   43.661
525.928   43.6338
526.298   43.6072
526.667   43.5813
527.037   43.556
527.407   43.5313
527.777   43.5074
528.148   43.484
528.519   43.4613
528.89   43.4393
529.261   43.4179
529.633   43.3971
530.005   43.3771
530.377   43.3576
530.749   43.3388
531.122   43.3207
531.495   43.3032
531.868   43.2864
532.242   43.2702
532.615   43.2547
532.989   43.2399
533.364   43.2257
533.738   43.2122
534.113   43.1993
534.488   43.1871
534.863   43.1755
535.239   43.1646
535.614   43.1544
535.991   43.1448
536.367   43.1358
536.744   43.1276
537.12   43.12
537.498   43.113
537.875   43.1067
538.253   43.1011
538.631   43.0961
539.009   43.0918
539.387   43.0882
539.766   43.0852
540.145   43.0829
540.524   43.0812
540.904   43.0802
541.283   43.0798
541.664   43.0801
542.044   43.0811
542.424   43.0827
542.805   43.085
543.186   43.088
543.568   43.0916
543.95   43.0958
544.331   43.1008
544.714   43.1063
545.096   43.1126
545.479   43.1194
545.862   43.127
546.245   43.1352
546.629   43.144
547.013   43.1535
547.397   43.1637
547.781   43.1745
548.166   43.186
548.55   43.1981
548.936   43.2108
549.321   43.2242
549.707   43.2383
550.093   43.253
550.479   43.2684
550.865   43.2843
551.252   43.301
551.639   43.3183
552.027   43.3362
552.414   43.3548
552.802   43.374
553.19   43.3938
553.579   43.4143
553.967   43.4354
554.356   43.4572
554.746   43.4796
555.135   43.5026
555.525   43.5263
555.915   43.5506
556.305   43.5755
556.696   43.6011
557.087   43.6272
557.478   43.654
557.869   43.6815
558.261   43.7095
558.653   43.7382
559.045   43.7675
559.438   43.7974
559.831   43.8279
560.224   43.859
560.617   43.8908
561.011   43.9231
561.405   43.9561
561.799   43.9897
562.193   44.0239
562.588   44.0586
562.983   44.094
563.378   44.13
563.774   44.1666
564.17   44.2038
564.566   44.2415
564.962   44.2799
565.359   44.3189
565.756   44.3584
566.153   44.3985
566.551   44.4392
566.949   44.4805
567.347   44.5224
567.745   44.5648
568.144   44.6078
568.543   44.6514
568.942   44.6956
569.341   44.7403
569.741   44.7856
570.141   44.8314
570.541   44.8778
570.942   44.9248
571.343   44.9723
571.744   45.0204
572.949   45.1679
574.157   45.3202
575.367   45.4773
576.58   45.6392
577.795   45.8056
579.013   45.9766
580.234   46.1521
581.457   46.3319
582.683   46.516
583.911   46.7043
585.142   46.8967
586.375   47.0931
587.611   47.2933
588.85   47.4973
590.091   47.705
591.335   47.9163
592.581   48.131
593.831   48.3491
595.082   48.5704
596.337   48.7948
597.594   49.0221
598.853   49.2524
600.116   49.4854
601.381   49.721
602.648   49.9591
603.919   50.1995
605.192   50.4422
606.467   50.6869
607.746   50.9337
609.027   51.1822
610.311   51.4324
611.597   51.6841
612.886   51.9373
614.178   52.1917
615.473   52.4472
616.77   52.7036
620.679   53.4773
624.612   54.2541
628.57   55.0301
629.895   55.2878
631.223   55.5449
632.554   55.801
633.887   56.0561
635.223   56.31
636.562   56.5626
637.904   56.8136
639.249   57.063
640.596   57.3106
641.947   57.5562
643.3   57.7996
644.656   58.0408
646.015   58.2795
647.376   58.5156
648.741   58.7489
650.108   58.9794
651.479   59.2068
652.852   59.431
654.228   59.6518
655.607   59.8691
656.989   60.0828
658.374   60.2926
659.762   60.4985
661.153   60.7004
662.546   60.898
663.943   61.0912
665.343   61.28
666.745   61.4641
668.15   61.6434
669.559   61.8179
670.97   61.9874
672.385   62.1517
673.802   62.3107
675.222   62.4644
676.646   62.6126
678.072   62.7552
679.501   62.8921
680.934   63.0232
682.369   63.1483
682.848   63.1887
683.327   63.2284
683.807   63.2675
684.287   63.3058
684.768   63.3435
685.249   63.3805
685.73   63.4168
686.211   63.4525
686.693   63.4874
687.175   63.5216
687.658   63.5551
688.141   63.588
688.624   63.6201
689.107   63.6515
689.591   63.6822
690.075   63.7122
690.56   63.7414
691.045   63.77
691.53   63.7978
692.016   63.8249
692.501   63.8513
692.988   63.8769
693.474   63.9018
693.961   63.9259
694.448   63.9494
694.936   63.9721
695.424   63.994
695.912   64.0152
696.401   64.0356
696.89   64.0553
697.379   64.0743
697.869   64.0925
698.359   64.1099
698.849   64.1266
699.34   64.1425
699.831   64.1577
700.322   64.1721
700.814   64.1858
701.306   64.1986
701.799   64.2107
702.291   64.2221
702.784   64.2327
703.278   64.2425
703.772   64.2515
704.266   64.2597
704.76   64.2672
705.255   64.2739
705.75   64.2799
706.246   64.285
706.742   64.2894
707.238   64.293
707.735   64.2958
708.232   64.2979
708.729   64.2991
709.226   64.2996
709.724   64.2993
710.223   64.2982
710.721   64.2964
711.221   64.2937
711.72   64.2903
712.22   64.2861
712.72   64.2811
713.22   64.2753
713.721   64.2688
714.222   64.2614
714.724   64.2533
715.225   64.2444
715.728   64.2347
716.23   64.2242
716.733   64.213
717.236   64.201
717.74   64.1882
718.244   64.1746
718.748   64.1602
719.253   64.1451
719.758   64.1292
720.263   64.1125
720.769   64.095
721.275   64.0768
721.781   64.0578
722.288   64.038
722.795   64.0174
723.303   63.9961
723.811   63.974
724.319   63.9512
724.828   63.9276
725.337   63.9032
725.846   63.8781
726.355   63.8522
726.865   63.8255
727.376   63.7981
727.887   63.77
728.398   63.741
728.909   63.7114
729.421   63.681
729.933   63.6499
730.446   63.618
730.958   63.5854
731.472   63.552
733.014   63.4475
734.559   63.3365
736.107   63.2191
737.659   63.0953
739.214   62.9653
740.772   62.829
742.333   62.6867
743.898   62.5384
745.466   62.3843
747.038   62.2245
748.612   62.059
750.19   61.8881
751.772   61.7119
753.356   61.5304
754.944   61.3439
756.536   61.1525
758.13   60.9563
759.729   60.7556
761.33   60.5504
762.935   60.3411
764.543   60.1276
766.155   59.9102
767.77   59.6892
769.388   59.4646
771.01   59.2368
772.635   59.0057
774.264   58.7718
775.896   58.5352
777.531   58.296
779.17   58.0546
780.813   57.811
782.459   57.5656
784.108   57.3186
785.761   57.0701
787.417   56.8205
789.077   56.5699
790.74   56.3185
792.407   56.0667
794.077   55.8145
795.751   55.5624
797.429   55.3105
799.11   55.059
800.794   54.8081
802.482   54.5582
804.174   54.3095
805.869   54.0622
807.567   53.8164
809.27   53.5726
810.976   53.3309
812.685   53.0916
814.398   52.8548
816.115   52.6208
817.835   52.39
819.559   52.1623
821.287   51.9383
823.018   51.7179
824.753   51.5015
826.491   51.2893
828.233   51.0815
829.979   50.8783
830.562   50.8117
831.145   50.7455
831.729   50.68
832.313   50.615
832.897   50.5505
833.482   50.4866
834.067   50.4233
834.653   50.3606
835.239   50.2985
835.825   50.237
836.412   50.1761
836.999   50.1158
837.587   50.0562
838.175   49.9972
838.764   49.9388
839.353   49.881
839.942   49.8239
840.532   49.7675
841.122   49.7117
841.713   49.6566
842.304   49.6022
842.895   49.5485
843.487   49.4954
844.079   49.4431
844.672   49.3915
845.265   49.3405
845.858   49.2903
846.452   49.2408
847.047   49.192
847.641   49.144
848.237   49.0967
848.832   49.0501
849.428   49.0043
850.025   48.9593
850.621   48.915
851.219   48.8714
851.816   48.8287
852.414   48.7867
853.013   48.7455
853.612   48.7051
854.211   48.6655
854.811   48.6266
855.411   48.5886
856.012   48.5514
856.613   48.515
857.214   48.4793
857.816   48.4446
858.419   48.4106
859.021   48.3775
859.625   48.3452
860.228   48.3137
860.832   48.283
861.437   48.2532
862.041   48.2243
862.647   48.1962
863.252   48.1689
863.859   48.1425
864.465   48.117
865.072   48.0923
865.679   48.0685
866.287   48.0456
866.896   48.0235
867.504   48.0023
868.113   47.982
868.723   47.9625
869.333   47.9439
869.943   47.9262
870.554   47.9094
871.165   47.8935
871.777   47.8785
872.389   47.8643
873.002   47.851
873.615   47.8387
874.228   47.8272
874.842   47.8166
875.456   47.8069
876.071   47.7982
876.686   47.7903
877.302   47.7833
877.918   47.7772
878.534   47.772
879.151   47.7677
879.768   47.7643
880.386   47.7618
881.004   47.7602
881.623   47.7595
882.242   47.7597
882.861   47.7608
883.481   47.7629
884.101   47.7658
884.722   47.7696
885.343   47.7743
885.965   47.7799
886.587   47.7864
887.21   47.7938
887.833   47.802
888.456   47.8112
889.08   47.8213
889.704   47.8322
890.329   47.8441
890.954   47.8568
891.579   47.8704
892.205   47.8849
892.832   47.9003
893.459   47.9165
894.086   47.9336
894.714   47.9516
895.342   47.9705
895.971   47.9902
896.6   48.0108
897.229   48.0322
897.859   48.0545
898.49   48.0776
899.121   48.1016
899.752   48.1265
900.384   48.1522
901.016   48.1787
901.649   48.206
902.282   48.2342
902.915   48.2632
903.549   48.293
904.184   48.3237
904.819   48.3551
905.454   48.3874
906.09   48.4204
906.726   48.4543
907.362   48.4889
908   48.5243
908.637   48.5605
909.275   48.5975
909.914   48.6353
910.552   48.6738
911.192   48.7131
911.832   48.7531
912.472   48.7938
913.113   48.8353
913.754   48.8776
914.395   48.9205
915.037   48.9642
915.68   49.0086
916.323   49.0537
916.966   49.0995
917.61   49.146
918.254   49.1932
918.899   49.241
919.544   49.2896
920.19   49.3388
920.836   49.3886
921.483   49.4391
922.13   49.4902
922.777   49.542
923.425   49.5943
924.073   49.6473
926.021   49.8099
927.973   49.9778
929.929   50.1506
931.89   50.3282
933.854   50.5103
935.822   50.6966
937.795   50.8869
939.772   51.0809
941.753   51.2783
943.738   51.4788
945.727   51.6822
947.721   51.8882
949.718   52.0964
951.72   52.3065
953.727   52.5182
959.77   53.1601
965.853   53.8052
971.973   54.4447
974.022   54.6551
976.075   54.8635
978.133   55.0697
980.195   55.2733
982.261   55.474
984.331   55.6716
986.406   55.8655
988.485   56.0557
990.569   56.2417
992.657   56.4232
994.75   56.6
996.846   56.7718
997.546   56.8279
998.247   56.8834
998.948   56.9383
999.649   56.9926
1000.35   57.0462
1001.05   57.0992
1001.76   57.1515
1002.46   57.2032
1003.16   57.2543
1003.87   57.3046
1004.57   57.3543
1005.28   57.4032
1005.98   57.4515
1006.69   57.499
1007.4   57.5458
1008.1   57.5919
1008.81   57.6372
1009.52   57.6818
1010.23   57.7257
1010.94   57.7687
1011.65   57.811
1012.36   57.8525
1013.07   57.8933
1013.78   57.9332
1014.49   57.9723
1015.21   58.0106
1015.92   58.0481
1016.63   58.0847
1017.35   58.1206
1018.06   58.1555
1018.77   58.1897
1019.49   58.2229
1020.21   58.2553
1020.92   58.2869
1021.64   58.3176
1022.36   58.3474
1023.07   58.3763
1023.79   58.4043
1024.51   58.4314
1025.23   58.4576
1025.95   58.4829
1026.67   58.5073
1027.39   58.5308
1028.11   58.5533
1028.83   58.575
1029.56   58.5956
1030.28   58.6154
1031   58.6342
1031.73   58.6521
1032.45   58.669
1033.18   58.685
1033.9   58.7
1034.63   58.7141
1035.35   58.7272
1036.08   58.7393
1036.81   58.7505
1037.54   58.7607
1038.27   58.77
1038.99   58.7782
1039.72   58.7855
1040.45   58.7918
1041.18   58.7972
1041.92   58.8015
1042.65   58.8049
1043.38   58.8073
1044.11   58.8087
1044.85   58.8092
1045.58   58.8086
1046.31   58.8071
1047.05   58.8046
1047.78   58.8011
1048.52   58.7966
1049.25   58.7911
1049.99   58.7847
1050.73   58.7773
1051.47   58.7689
1052.2   58.7595
1052.94   58.7491
1053.68   58.7378
1054.42   58.7255
1055.16   58.7122
1055.9   58.698
1056.65   58.6828
1057.39   58.6666
1058.13   58.6495
1058.87   58.6314
1059.62   58.6123
1060.36   58.5923
1061.1   58.5714
1061.85   58.5495
1062.6   58.5267
1063.34   58.503
1064.09   58.4783
1064.84   58.4527
1065.58   58.4262
1066.33   58.3987
1067.08   58.3704
1067.83   58.3411
1068.58   58.311
1069.33   58.28
1070.08   58.248
1070.83   58.2152
1071.58   58.1815
1072.34   58.147
1073.09   58.1116
1073.84   58.0753
1074.6   58.0382
1075.35   58.0003
1076.11   57.9615
1076.86   57.9219
1077.62   57.8815
1078.37   57.8403
1079.13   57.7983
1079.89   57.7555
1080.65   57.7119
1081.41   57.6675
1082.17   57.6224
1082.93   57.5765
1083.69   57.5299
1084.45   57.4825
1085.21   57.4344
1085.97   57.3856
1086.73   57.3361
1087.5   57.2859
1088.26   57.235
1089.02   57.1834
1109.86   55.578
1131.09   53.74
1152.73   51.961
1153.54   51.9002
1154.35   51.8398
1155.16   51.78
1155.97   51.7207
1156.78   51.662
1157.6   51.6038
1158.41   51.5461
1159.22   51.4891
1160.04   51.4327
1160.85   51.3768
1161.67   51.3216
1162.48   51.2671
1163.3   51.2131
1164.12   51.1599
1164.93   51.1073
1165.75   51.0554
1166.57   51.0042
1167.39   50.9538
1168.21   50.904
1169.03   50.855
1169.85   50.8067
1170.67   50.7592
1171.49   50.7125
1172.32   50.6665
1173.14   50.6213
1173.96   50.577
1174.79   50.5334
1175.61   50.4907
1176.44   50.4488
1177.26   50.4077
1178.09   50.3675
1178.92   50.3282
1179.74   50.2897
1180.57   50.2522
1181.4   50.2155
1182.23   50.1797
1183.06   50.1448
1183.89   50.1108
1184.72   50.0778
1185.55   50.0457
1186.39   50.0145
1187.22   49.9843
1188.05   49.955
1188.89   49.9267
1189.72   49.8994
1190.56   49.873
1191.39   49.8476
1192.23   49.8232
1193.07   49.7998
1193.91   49.7774
1194.74   49.756
1195.58   49.7356
1196.42   49.7162
1197.26   49.6978
1198.1   49.6805
1198.94   49.6642
1199.79   49.6489
1200.63   49.6346
1201.47   49.6214
1202.32   49.6092
1203.16   49.598
1204   49.5879
1204.85   49.5789
1205.7   49.5708
1206.54   49.5639
1207.39   49.558
1208.24   49.5531
1209.09   49.5493
1209.93   49.5465
1210.78   49.5448
1211.63   49.5441
1212.48   49.5445
1213.34   49.546
1214.19   49.5484
1215.04   49.552
1215.89   49.5566
1216.75   49.5622
1217.6   49.5688
1218.46   49.5766
1219.31   49.5853
1220.17   49.5951
1221.03   49.6059
1221.88   49.6177
1222.74   49.6306
1223.6   49.6445
1224.46   49.6593
1225.32   49.6753
1226.18   49.6922
1227.04   49.7101
1227.9   49.729
1228.76   49.7489
1229.63   49.7697
1230.49   49.7916
1231.35   49.8144
1232.22   49.8382
1233.08   49.8629
1233.95   49.8886
1234.81   49.9152
1235.68   49.9428
1236.55   49.9713
1237.42   50.0007
1238.29   50.031
1239.16   50.0621
1240.03   50.0942
1240.9   50.1272
1241.77   50.161
1242.64   50.1957
1243.51   50.2313
1244.39   50.2676
1245.26   50.3048
1246.13   50.3428
1247.01   50.3817
1247.88   50.4213
1248.76   50.4617
1249.64   50.5028
1250.51   50.5447
1251.39   50.5874
1252.27   50.6308
1253.15   50.6749
1254.03   50.7197
1254.91   50.7652
1255.79   50.8113
1256.67   50.8582
1257.56   50.9057
1258.44   50.9538
1259.32   51.0025
1261.98   51.1523
1264.64   51.3071
1267.3   51.4666
1269.97   51.6302
1272.65   51.7975
1275.33   51.9681
1278.02   52.1416
1280.72   52.3173
1283.42   52.4948
1286.12   52.6737
1288.83   52.8534
1291.55   53.0335
1294.27   53.2133
1297   53.3925
1299.73   53.5704
1302.47   53.7467
1305.22   53.9207
1307.97   54.092
1310.73   54.2601
1313.49   54.4245
1316.26   54.5848
1317.18   54.6372
1318.11   54.689
1319.03   54.7403
1319.96   54.7911
1320.89   54.8412
1321.81   54.8908
1322.74   54.9397
1323.67   54.9881
1324.6   55.0357
1325.53   55.0827
1326.46   55.129
1327.39   55.1747
1328.33   55.2196
1329.26   55.2638
1330.19   55.3072
1331.13   55.3499
1332.06   55.3918
1333   55.433
1333.93   55.4733
1334.87   55.5128
1335.8   55.5516
1336.74   55.5894
1337.68   55.6264
1338.62   55.6626
1339.56   55.6979
1340.5   55.7323
1341.44   55.7658
1342.38   55.7984
1343.33   55.8301
1344.27   55.8608
1345.21   55.8906
1346.16   55.9194
1347.1   55.9473
1348.05   55.9742
1349   56.0002
1349.94   56.0251
1350.89   56.049
1351.84   56.072
1352.79   56.0939
1353.74   56.1148
1354.69   56.1346
1355.64   56.1535
1356.59   56.1713
1357.54   56.188
1358.5   56.2037
1359.45   56.2183
1360.41   56.2318
1361.36   56.2443
1362.32   56.2557
1363.27   56.266
1364.23   56.2753
1365.19   56.2834
1366.15   56.2905
1367.11   56.2964
1368.07   56.3013
1369.03   56.305
1369.99   56.3077
1370.95   56.3093
1371.91   56.3097
1372.88   56.3091
1373.84   56.3073
1374.81   56.3045
1375.77   56.3005
1376.74   56.2955
1377.7   56.2893
1378.67   56.2821
1379.64   56.2738
1380.61   56.2643
1381.58   56.2538
1382.55   56.2422
1383.52   56.2295
1384.49   56.2157
1385.46   56.2009
1386.43   56.185
1387.41   56.168
1388.38   56.15
1389.36   56.1309
1390.33   56.1108
1391.31   56.0896
1392.28   56.0674
1393.26   56.0442
1394.24   56.0199
1395.22   55.9947
1396.2   55.9685
1397.18   55.9412
1398.16   55.913
1399.14   55.8838
1400.12   55.8537
1401.11   55.8226
1402.09   55.7906
1403.08   55.7576
1404.06   55.7238
1405.05   55.689
1406.03   55.6534
1407.02   55.6168
1408.01   55.5794
1409   55.5412
1409.99   55.5021
1410.98   55.4621
1411.97   55.4214
1412.96   55.3799
1413.95   55.3376
1414.94   55.2945
1415.94   55.2507
1416.93   55.2062
1417.93   55.1609
1418.92   55.1149
1419.92   55.0683
1422.91   54.9244
1425.91   54.7749
1428.92   54.6205
1431.93   54.4615
1434.95   54.2985
1437.97   54.132
1441   53.9627
1444.04   53.791
1447.08   53.6176
1450.13   53.4431
1453.19   53.2679
1456.25   53.0929
1459.32   52.9184
1462.4   52.7452
1465.48   52.5739
1468.57   52.405
1471.67   52.2391
1474.77   52.0768
1475.81   52.0236
1476.84   51.9709
1477.88   51.9187
1478.92   51.867
1479.95   51.8158
1480.99   51.7653
1482.03   51.7153
1483.07   51.6659
1484.12   51.6171
1485.16   51.569
1486.2   51.5216
1487.24   51.4748
1488.29   51.4288
1489.33   51.3834
1490.38   51.3388
1491.43   51.2949
1492.47   51.2518
1493.52   51.2095
1494.57   51.168
1495.62   51.1273
1496.67   51.0875
1497.72   51.0485
1498.77   51.0104
1499.82   50.9731
1500.88   50.9368
1501.93   50.9014
1502.99   50.8668
1504.04   50.8333
1505.1   50.8007
1506.15   50.769
1507.21   50.7383
1508.27   50.7086
1509.33   50.68
1510.39   50.6523
1511.45   50.6256
1512.51   50.6
1513.57   50.5754
1514.63   50.5519
1515.7   50.5295
1516.76   50.5081
1517.83   50.4878
1518.89   50.4685
1519.96   50.4504
1521.03   50.4334
1522.09   50.4175
1523.16   50.4027
1524.23   50.389
1525.3   50.3764
1526.37   50.365
1527.45   50.3547
1528.52   50.3455
1529.59   50.3375
1530.67   50.3306
1531.74   50.3248
1532.82   50.3202
1533.89   50.3167
1534.97   50.3144
1536.05   50.3133
1537.13   50.3132
1538.2   50.3144
1539.28   50.3166
1540.37   50.32
1541.45   50.3246
1542.53   50.3303
1543.61   50.3371
1544.7   50.345
1545.78   50.3541
1546.87   50.3643
1547.95   50.3755
1549.04   50.3879
1550.13   50.4014
1551.22   50.416
1552.3   50.4317
1553.39   50.4485
1554.49   50.4663
1555.58   50.4852
1556.67   50.5051
1557.76   50.5261
1558.86   50.5481
1559.95   50.5711
1561.05   50.5952
1562.14   50.6202
1563.24   50.6462
1564.34   50.6732
1565.43   50.7011
1566.53   50.73
1567.63   50.7598
1568.73   50.7906
1569.84   50.8222
1570.94   50.8547
1572.04   50.8881
1573.15   50.9223
1574.25   50.9574
1575.36   50.9933
1576.46   51.03
1577.57   51.0674
1578.68   51.1057
1579.78   51.1447
1580.89   51.1844
1582   51.2248
1583.11   51.2659
1584.23   51.3077
1585.34   51.3501
1586.45   51.3931
1587.57   51.4368
1588.68   51.481
1589.8   51.5258
1590.91   51.5711
1594.27   51.7101
1597.63   51.8532
1600.99   51.9997
1604.37   52.1489
1607.75   52.3002
1611.14   52.4529
1614.54   52.6064
1617.94   52.7598
1621.35   52.9127
1624.77   53.0641
1628.19   53.2136
1631.62   53.3603
1635.06   53.5036
1638.51   53.6429
1641.96   53.7774
1643.12   53.8211
1644.27   53.8642
1645.42   53.9067
1646.58   53.9485
1647.74   53.9896
1648.89   54.03
1650.05   54.0697
1651.21   54.1086
1652.37   54.1468
1653.53   54.1842
1654.69   54.2208
1655.85   54.2565
1657.01   54.2915
1658.18   54.3255
1659.34   54.3587
1660.51   54.391
1661.67   54.4224
1662.84   54.4528
1664.01   54.4823
1665.18   54.5109
1666.35   54.5384
1667.52   54.565
1668.69   54.5906
1669.86   54.6151
1671.03   54.6386
1672.2   54.6611
1673.38   54.6825
1674.55   54.7029
1675.73   54.7221
1676.9   54.7403
1678.08   54.7574
1679.26   54.7733
1680.44   54.7882
1681.62   54.8019
1682.8   54.8145
1683.98   54.8259
1685.16   54.8362
1686.35   54.8453
1687.53   54.8533
1688.72   54.8601
1689.9   54.8658
1691.09   54.8702
1692.28   54.8735
1693.46   54.8756
1694.65   54.8766
1695.84   54.8763
1697.03   54.8749
1698.23   54.8723
1699.42   54.8685
1700.61   54.8636
1701.81   54.8575
1703   54.8502
1704.2   54.8417
1705.39   54.8321
1706.59   54.8213
1707.79   54.8093
1708.99   54.7962
1710.19   54.782
1711.39   54.7667
1712.59   54.7502
1713.79   54.7326
1715   54.7139
1716.2   54.6941
1717.41   54.6732
1718.61   54.6512
1719.82   54.6282
1721.03   54.6041
1722.23   54.579
1723.44   54.5528
1724.65   54.5257
1725.86   54.4975
1727.08   54.4684
1728.29   54.4383
1729.5   54.4072
1730.72   54.3752
1731.93   54.3424
1733.15   54.3086
1734.36   54.2739
1735.58   54.2384
1736.8   54.202
1738.02   54.1648
1739.24   54.1268
1740.46   54.0881
1741.68   54.0486
1742.91   54.0083
1744.13   53.9674
1745.36   53.9257
1746.58   53.8834
1747.81   53.8404
1749.03   53.7969
1752.72   53.6627
1756.42   53.5238
1760.12   53.381
1763.83   53.235
1767.55   53.0865
1771.27   52.9363
1775.01   52.7851
1778.75   52.6338
1782.5   52.483
1786.25   52.3337
1790.02   52.1866
1793.79   52.0425
1797.57   51.902
1801.36   51.766
1805.16   51.6352
1806.43   51.5928
1807.7   51.5512
1808.97   51.5102
1810.24   51.47
1811.51   51.4305
1812.78   51.3917
1814.05   51.3538
1815.33   51.3167
1816.6   51.2804
1817.88   51.245
1819.15   51.2105
1820.43   51.1769
1821.71   51.1441
1822.99   51.1124
1824.27   51.0816
1825.55   51.0517
1826.83   51.0229
1828.11   50.995
1829.4   50.9682
1830.68   50.9425
1831.97   50.9178
1833.25   50.8941
1834.54   50.8716
1835.83   50.8501
1837.12   50.8298
1838.41   50.8106
1839.7   50.7925
1840.99   50.7756
1842.28   50.7598
1843.57   50.7452
1844.87   50.7317
1846.16   50.7194
1847.46   50.7083
1848.76   50.6984
1850.06   50.6897
1851.36   50.6822
1852.65   50.6759
1853.96   50.6708
1855.26   50.6669
1856.56   50.6642
1857.86   50.6627
1859.17   50.6624
1860.47   50.6633
1861.78   50.6654
1863.09   50.6688
1864.4   50.6733
1865.7   50.679
1867.01   50.6859
1868.33   50.694
1869.64   50.7033
1870.95   50.7137
1872.26   50.7253
1873.58   50.7381
1874.89   50.752
1876.21   50.767
1877.53   50.7831
1878.85   50.8004
1880.17   50.8187
1881.49   50.8381
1882.81   50.8586
1884.13   50.8801
1885.45   50.9027
1886.78   50.9263
1888.1   50.9509
1889.43   50.9765
1890.75   51.003
1892.08   51.0305
1893.41   51.0589
1894.74   51.0882
1896.07   51.1184
1897.4   51.1495
1898.73   51.1814
1900.07   51.2141
1901.4   51.2476
1902.73   51.2819
1904.07   51.3169
1905.41   51.3527
1906.75   51.3891
1908.08   51.4262
1909.42   51.4639
1910.76   51.5023
1914.79   51.6208
1918.83   51.7437
1922.87   51.8704
1926.93   52
1930.99   52.1315
1935.06   52.2643
1939.14   52.3973
1943.23   52.5298
1947.32   52.6607
1951.43   52.7894
1955.54   52.9149
1959.66   53.0364
1961.04   53.0758
1962.41   53.1147
1963.79   53.153
1965.17   53.1907
1966.55   53.2277
1967.93   53.264
1969.31   53.2996
1970.7   53.3345
1972.08   53.3686
1973.46   53.402
1974.85   53.4345
1976.24   53.4662
1977.62   53.497
1979.01   53.527
1980.4   53.556
1981.79   53.5841
1983.18   53.6113
1984.58   53.6374
1985.97   53.6626
1987.37   53.6868
1988.76   53.71
1990.16   53.7321
1991.55   53.7531
1992.95   53.773
1994.35   53.7919
1995.75   53.8096
1997.15   53.8262
1998.56   53.8417
1999.96   53.856
2001.36   53.8692
2002.77   53.8812
2004.18   53.892
2005.58   53.9016
2006.99   53.91
2008.4   53.9172
2009.81   53.9232
2011.22   53.928
2012.63   53.9315
2014.05   53.9338
2015.46   53.9349
2016.88   53.9348
2018.29   53.9334
2019.71   53.9308
2021.13   53.927
2022.55   53.922
2023.97   53.9157
2025.39   53.9082
2026.81   53.8995
2028.23   53.8896
2029.66   53.8785
2031.08   53.8662
2032.51   53.8527
2033.94   53.8381
2035.36   53.8222
2036.79   53.8053
2038.22   53.7872
2039.65   53.7679
2041.09   53.7476
2042.52   53.7262
2043.95   53.7037
2045.39   53.6801
2046.82   53.6555
2048.26   53.6299
2049.7   53.6032
2051.14   53.5756
2052.58   53.547
2054.02   53.5175
2055.46   53.4871
2056.91   53.4557
2058.35   53.4235
2059.8   53.3905
2061.24   53.3566
2062.69   53.322
2064.14   53.2866
2065.59   53.2504
2067.04   53.2135
2068.49   53.176
2069.94   53.1378
2071.39   53.099
2072.85   53.0596
2074.3   53.0197
2087.45   52.6404
2100.68   52.2432
2113.99   51.8539
2115.47   51.8123
2116.96   51.7711
2118.45   51.7303
2119.93   51.6901
2121.42   51.6505
2122.91   51.6114
2124.4   51.573
2125.89   51.5351
2127.39   51.498
2128.88   51.4616
2130.37   51.4259
2131.87   51.3909
2133.37   51.3568
2134.87   51.3235
2136.36   51.291
2137.86   51.2594
2139.37   51.2287
2140.87   51.1989
2142.37   51.1701
2143.88   51.1423
2145.38   51.1154
2146.89   51.0896
2148.39   51.0648
2149.9   51.041
2151.41   51.0184
2152.92   50.9968
2154.43   50.9764
2155.95   50.9571
2157.46   50.9389
2158.98   50.9219
2160.49   50.906
2162.01   50.8914
2163.53   50.8779
2165.05   50.8656
2166.57   50.8546
2168.09   50.8448
2169.61   50.8362
2171.13   50.8289
2172.66   50.8227
2174.18   50.8179
2175.71   50.8143
2177.24   50.8119
2178.77   50.8108
2180.3   50.8109
2181.83   50.8123
2183.36   50.8149
2184.89   50.8188
2186.43   50.8238
2187.96   50.8302
2189.5   50.8377
2191.03   50.8464
2192.57   50.8564
2194.11   50.8675
2195.65   50.8799
2197.2   50.8933
2198.74   50.908
2200.28   50.9237
2201.83   50.9406
2203.37   50.9586
2204.92   50.9777
2206.47   50.9978
2208.02   51.019
2209.57   51.0412
2211.12   51.0644
2212.67   51.0886
2214.23   51.1137
2215.78   51.1398
2217.34   51.1667
2218.89   51.1945
2220.45   51.2232
2222.01   51.2527
2223.57   51.283
2228.26   51.3783
2232.95   51.4795
2237.66   51.5858
2251.84   51.9252
2266.11   52.2741
2280.47   52.6041
2282.07   52.6384
2283.68   52.6721
2285.28   52.7052
2286.88   52.7376
2288.49   52.7693
2290.1   52.8002
2291.7   52.8304
2293.31   52.8597
2294.92   52.8883
2296.53   52.9159
2298.15   52.9427
2299.76   52.9686
2301.38   52.9935
2302.99   53.0174
2304.61   53.0403
2306.23   53.0623
2307.85   53.0831
2309.47   53.1029
2311.09   53.1216
2312.71   53.1392
2314.33   53.1557
2315.96   53.1711
2317.59   53.1852
2319.21   53.1982
2320.84   53.21
2322.47   53.2206
2324.1   53.23
2325.73   53.2382
2327.37   53.2451
2329   53.2508
2330.64   53.2552
2332.27   53.2584
2333.91   53.2603
2335.55   53.261
2337.19   53.2604
2338.83   53.2585
2340.47   53.2553
2342.12   53.2509
2343.76   53.2453
2345.41   53.2384
2347.05   53.2302
2348.7   53.2208
2350.35   53.2102
2352   53.1984
2353.65   53.1853
2355.3   53.1711
2356.96   53.1557
2358.61   53.1391
2360.27   53.1213
2361.93   53.1025
2363.58   53.0825
2365.24   53.0615
2366.9   53.0393
2368.57   53.0161
2370.23   52.9919
2371.89   52.9667
2373.56   52.9406
2375.23   52.9135
2376.89   52.8854
2378.56   52.8565
2380.23   52.8268
2381.9   52.7962
2383.58   52.7648
2388.6   52.6662
2393.64   52.5617
2398.68   52.4523
2403.74   52.339
2408.8   52.2229
2413.88   52.1052
2418.97   51.9869
2424.07   51.8693
2429.18   51.7534
2434.3   51.6404
2439.43   51.5314
2444.57   51.4275
2446.29   51.3942
2448.01   51.3615
2449.73   51.3296
2451.45   51.2985
2453.17   51.2682
2454.89   51.2388
2456.61   51.2102
2458.34   51.1826
2460.06   51.1559
2461.79   51.1301
2463.52   51.1054
2465.25   51.0817
2466.98   51.059
2468.71   51.0374
2470.45   51.0169
2472.18   50.9975
2473.92   50.9793
2475.65   50.9622
2477.39   50.9463
2479.13   50.9315
2480.87   50.918
2482.61   50.9057
2484.36   50.8947
2486.1   50.8849
2487.85   50.8763
2489.59   50.869
2491.34   50.863
2493.09   50.8582
2494.84   50.8548
2496.59   50.8526
2498.35   50.8516
2500.1   50.852
2501.86   50.8536
2503.61   50.8565
2505.37   50.8607
2507.13   50.8661
2508.89   50.8728
2510.65   50.8807
2512.42   50.8898
2514.18   50.9002
2515.94   50.9117
2517.71   50.9245
2519.48   50.9384
2521.25   50.9534
2523.02   50.9696
2524.79   50.9868
2526.56   51.0052
2528.34   51.0246
2530.11   51.045
2531.89   51.0664
2533.67   51.0889
2535.45   51.1122
2537.23   51.1365
2539.01   51.1616
2540.79   51.1876
2542.57   51.2144
2544.36   51.242
2546.15   51.2703
2547.93   51.2994
2549.72   51.3291
2551.51   51.3594
2553.3   51.3903
2555.1   51.4218
2571.29   51.7227
2587.58   52.0324
2603.98   52.3181
2605.81   52.347
2607.64   52.3752
2609.47   52.4026
2611.3   52.4292
2613.14   52.455
2614.97   52.4799
2616.81   52.5039
2618.64   52.527
2620.48   52.5491
2622.32   52.5702
2624.16   52.5903
2626.01   52.6093
2627.85   52.6273
2629.7   52.6441
2631.54   52.6599
2633.39   52.6745
2635.24   52.6879
2637.09   52.7001
2638.94   52.7111
2640.79   52.7209
2642.65   52.7295
2644.5   52.7368
2646.36   52.7428
2648.22   52.7476
2650.08   52.7511
2651.94   52.7533
2653.8   52.7542
2655.66   52.7538
2657.53   52.7522
2659.39   52.7492
2661.26   52.745
2663.13   52.7395
2665   52.7327
2666.87   52.7246
2668.74   52.7153
2670.62   52.7048
2672.49   52.693
2674.37   52.6799
2676.25   52.6657
2678.13   52.6503
2680.01   52.6338
2681.89   52.616
2683.77   52.5972
2685.66   52.5773
2687.54   52.5563
2689.43   52.5343
2691.32   52.5112
2693.21   52.4872
2695.1   52.4622
2696.99   52.4363
2698.88   52.4095
2700.78   52.3819
2702.68   52.3535
2704.57   52.3243
2721.71   52.0337
2738.96   51.7162
2756.32   51.4069
2758.25   51.3746
2760.19   51.3428
2762.13   51.3116
2764.07   51.2812
2766.01   51.2514
2767.95   51.2224
2769.89   51.1941
2771.84   51.1667
2773.78   51.1401
2775.73   51.1145
2777.68   51.0898
2779.63   51.066
2781.58   51.0433
2783.54   51.0216
2785.49   51.0009
2787.45   50.9814
2789.4   50.9629
2791.36   50.9456
2793.32   50.9295
2795.28   50.9145
2797.25   50.9008
2799.21   50.8883
2801.18   50.877
2803.14   50.867
2805.11   50.8583
2807.08   50.8508
2809.05   50.8446
2811.02   50.8397
2813   50.8361
2814.97   50.8338
2816.95   50.8328
2818.93   50.8332
2820.91   50.8348
2822.89   50.8377
2824.87   50.8418
2826.85   50.8473
2828.84   50.854
2830.82   50.862
2832.81   50.8712
2834.8   50.8816
2836.79   50.8933
2838.78   50.9061
2840.78   50.92
2842.77   50.9351
2844.77   50.9513
2846.76   50.9686
2848.76   50.987
2850.76   51.0063
2852.76   51.0266
2854.77   51.0479
2856.77   51.0701
2858.78   51.0932
2860.79   51.1171
2862.79   51.1418
2880.94   51.393
2899.19   51.6711
2917.57   51.9388
2919.61   51.9663
2921.66   51.9931
2923.72   52.0193
2925.77   52.0448
2927.82   52.0695
2929.88   52.0934
2931.94   52.1164
2933.99   52.1385
2936.05   52.1598
2938.12   52.18
2940.18   52.1993
2942.24   52.2175
2944.31   52.2347
2946.38   52.2508
2948.45   52.2657
2950.52   52.2795
2952.59   52.2922
2954.66   52.3036
2956.73   52.3138
2958.81   52.3228
2960.89   52.3305
2962.97   52.337
2965.05   52.3422
2967.13   52.346
2969.21   52.3486
2971.3   52.3499
2973.38   52.3499
2975.47   52.3486
2977.56   52.3459
2979.65   52.342
2981.74   52.3367
2983.84   52.3302
2985.93   52.3224
2988.03   52.3133
2990.13   52.3029
2992.23   52.2913
2994.33   52.2785
2996.43   52.2645
2998.53   52.2493
3000.64   52.2329
3002.75   52.2154
3004.85   52.1968
3006.96   52.1772
3009.08   52.1565
3011.19   52.1348
3013.3   52.1121
3015.42   52.0885
3017.54   52.064
3019.65   52.0387
3021.78   52.0125
3023.9   51.9856
3026.02   51.958
3028.14   51.9297
3030.27   51.9007
3036.66   51.8107
3043.06   51.7169
3049.47   51.6208
3055.9   51.5238
3062.34   51.4274
3068.8   51.3332
3070.95   51.3025
3073.11   51.2722
3075.27   51.2425
3077.43   51.2133
3079.59   51.1847
3081.75   51.1568
3083.91   51.1296
3086.08   51.1031
3088.25   51.0775
3090.41   51.0526
3092.58   51.0287
3094.76   51.0057
3096.93   50.9836
3099.1   50.9626
3101.28   50.9425
3103.46   50.9236
3105.64   50.9057
3107.82   50.889
3110   50.8735
3112.18   50.8591
3114.37   50.8459
3116.55   50.834
3118.74   50.8233
3120.93   50.8139
3123.12   50.8058
3125.32   50.7989
3127.51   50.7934
3129.71   50.7891
3131.9   50.7862
3134.1   50.7846
3136.3   50.7843
3138.51   50.7854
3140.71   50.7877
3142.92   50.7914
3145.12   50.7963
3147.33   50.8025
3149.54   50.81
3151.75   50.8187
3153.97   50.8286
3156.18   50.8398
3158.4   50.8521
3160.61   50.8655
3162.83   50.8801
3165.05   50.8958
3167.28   50.9126
3169.5   50.9303
3171.73   50.9491
3173.95   50.9687
3176.18   50.9893
3178.41   51.0108
3180.64   51.033
3182.88   51.0561
3185.11   51.0798
3187.35   51.1042
3194.07   51.181
3200.8   51.2619
3207.55   51.3455
3214.31   51.4301
3221.08   51.5142
3227.87   51.5962
3230.14   51.6228
3232.41   51.6489
3234.68   51.6746
3236.95   51.6996
3239.22   51.724
3241.49   51.7478
3243.77   51.7708
3246.05   51.7931
3248.33   51.8145
3250.61   51.8351
3252.89   51.8547
3255.17   51.8734
3257.46   51.8911
3259.75   51.9078
3262.04   51.9234
3264.33   51.9379
3266.62   51.9513
3268.91   51.9635
3271.21   51.9745
3273.5   51.9843
3275.8   51.9929
3278.1   52.0002
3280.4   52.0062
3282.71   52.0109
3285.01   52.0144
3287.32   52.0165
3289.63   52.0173
3291.94   52.0168
3294.25   52.0149
3296.56   52.0118
3298.88   52.0073
3301.19   52.0015
3303.51   51.9944
3305.83   51.986
3308.15   51.9764
3310.47   51.9655
3312.8   51.9534
3315.13   51.9401
3317.45   51.9256
3319.78   51.9099
3322.11   51.8931
3324.45   51.8752
3326.78   51.8563
3329.12   51.8364
3331.45   51.8155
3333.79   51.7936
3336.13   51.7709
3338.48   51.7473
3340.82   51.723
3343.17   51.6979
3345.51   51.6721
3347.86   51.6456
3350.21   51.6186
3352.57   51.5911
3359.63   51.5059
3366.71   51.418
3373.81   51.3292
3380.92   51.2411
3388.05   51.1553
3395.19   51.0735
3397.57   51.0474
3399.96   51.0219
3402.35   50.9972
3404.74   50.9732
3407.13   50.9501
3409.52   50.9279
3411.91   50.9065
3414.31   50.8861
3416.71   50.8668
3419.11   50.8484
3421.51   50.8312
3423.91   50.815
3426.31   50.8001
3428.72   50.7863
3431.13   50.7737
3433.54   50.7623
3435.95   50.7522
3438.36   50.7434
3440.77   50.7358
3443.19   50.7296
3445.61   50.7247
3448.03   50.7211
3450.45   50.7188
3452.87   50.7178
3455.29   50.7182
3457.72   50.7199
3460.15   50.7229
3462.58   50.7273
3465.01   50.7329
3467.44   50.7397
3469.88   50.7479
3472.31   50.7572
3474.75   50.7678
3477.19   50.7795
3479.63   50.7924
3482.08   50.8064
3484.52   50.8214
3486.97   50.8375
3489.42   50.8546
3491.87   50.8727
3494.32   50.8916
3496.77   50.9114
3499.23   50.932
3501.68   50.9533
3504.14   50.9754
3511.53   51.0451
3518.93   51.1191
3526.35   51.1955
3533.78   51.2727
3541.23   51.3489
3548.69   51.4224
3551.19   51.446
3553.68   51.469
3556.17   51.4914
3558.67   51.5132
3561.17   51.5342
3563.67   51.5545
3566.17   51.5739
3568.68   51.5924
3571.18   51.6101
3573.69   51.6267
3576.2   51.6423
3578.71   51.6568
3581.22   51.6703
3583.74   51.6826
3586.25   51.6938
3588.77   51.7037
3591.29   51.7124
3593.81   51.7199
3596.34   51.7261
3598.86   51.731
3601.39   51.7346
3603.92   51.7368
3606.45   51.7378
3608.98   51.7374
3611.51   51.7357
3614.05   51.7327
3616.59   51.7283
3619.13   51.7226
3621.67   51.7156
3624.21   51.7073
3626.76   51.6978
3629.3   51.687
3631.85   51.6749
3634.4   51.6617
3636.95   51.6473
3639.51   51.6318
3642.06   51.6152
3644.62   51.5975
3647.18   51.5788
3649.74   51.5591
3652.3   51.5385
3654.87   51.5171
3657.43   51.4948
3660   51.4718
3662.57   51.448
3670.29   51.3732
3678.03   51.2941
3685.78   51.2127
3693.55   51.1306
3701.34   51.0499
3709.14   50.9722
3711.74   50.9473
3714.35   50.923
3716.96   50.8994
3719.57   50.8765
3722.18   50.8543
3724.79   50.833
3727.41   50.8126
3730.02   50.7931
3732.64   50.7746
3735.26   50.7572
3737.89   50.7408
3740.51   50.7255
3743.14   50.7114
3745.77   50.6984
3748.4   50.6867
3751.03   50.6762
3753.66   50.667
3756.3   50.659
3758.93   50.6524
3761.57   50.6471
3764.22   50.6431
3766.86   50.6404
3769.5   50.6391
3772.15   50.6391
3774.8   50.6405
3777.45   50.6432
3780.1   50.6472
3782.76   50.6524
3785.41   50.659
3788.07   50.6668
3790.73   50.6759
3793.39   50.6861
3796.05   50.6975
3798.72   50.7101
3801.39   50.7237
3804.06   50.7384
3828.16   50.9094
3852.42   51.1187
3876.84   51.3162
3879.56   51.3353
3882.28   51.3535
3885.01   51.3709
3887.74   51.3873
3890.47   51.4028
3893.2   51.4172
3895.93   51.4306
3898.67   51.4429
3901.4   51.454
3904.14   51.464
3906.88   51.4727
3909.63   51.4802
3912.37   51.4864
3915.12   51.4913
3917.87   51.495
3920.62   51.4972
3923.37   51.4982
3926.13   51.4978
3928.88   51.4961
3931.64   51.493
3934.4   51.4886
3937.17   51.4829
3939.93   51.4759
3942.7   51.4676
3945.46   51.458
3948.23   51.4471
3951.01   51.4351
3953.78   51.4219
3956.56   51.4075
3959.34   51.392
3962.12   51.3755
3964.9   51.3579
3967.68   51.3394
3970.47   51.3199
3973.26   51.2996
3976.05   51.2786
3984.43   51.2111
3992.83   51.1388
4001.24   51.0636
4009.68   50.9874
4018.13   50.9122
4026.6   50.84
4029.43   50.8169
4032.25   50.7945
4035.09   50.7727
4037.92   50.7517
4040.75   50.7315
4043.59   50.7122
4046.43   50.6938
4049.27   50.6763
4052.11   50.6599
4054.96   50.6446
4057.81   50.6304
4060.66   50.6173
4063.51   50.6055
4066.36   50.5948
4069.22   50.5855
4072.07   50.5774
4074.93   50.5706
4077.79   50.5651
4080.66   50.561
4083.52   50.5582
4086.39   50.5567
4089.26   50.5566
4092.13   50.5579
4095   50.5604
4097.88   50.5643
4100.76   50.5695
4103.63   50.5759
4106.52   50.5836
4109.4   50.5925
4112.29   50.6026
4115.17   50.6139
4118.06   50.6262
4120.95   50.6396
4123.85   50.6541
4126.74   50.6695
4129.64   50.6857
4138.35   50.7394
4147.07   50.7989
4155.81   50.8624
4164.57   50.9278
4173.35   50.993
4182.15   51.0559
4185.08   51.0761
4188.02   51.0956
4190.96   51.1146
4193.9   51.1329
4196.85   51.1504
4199.8   51.1671
4202.74   51.1829
4205.7   51.1977
4208.65   51.2116
4211.6   51.2245
4214.56   51.2362
4217.52   51.2468
4220.48   51.2562
4223.44   51.2645
4226.41   51.2714
4229.38   51.2771
4232.35   51.2815
4235.32   51.2846
4238.29   51.2864
4241.27   51.2868
4244.25   51.2859
4247.23   51.2836
4250.21   51.28
4253.19   51.275
4256.18   51.2688
4259.17   51.2612
4262.16   51.2523
4265.15   51.2422
4268.15   51.2309
4271.14   51.2184
4274.14   51.2048
4277.14   51.1901
4280.15   51.1743
4283.15   51.1575
4286.16   51.1397
4289.17   51.1211
4298.21   51.0606
4307.27   50.9946
4316.35   50.925
4325.45   50.8539
4334.57   50.7837
4343.7   50.7164
4346.75   50.695
4349.8   50.6742
4352.86   50.6541
4355.92   50.6347
4358.97   50.6162
4362.03   50.5986
4365.1   50.582
4368.16   50.5664
4371.23   50.5518
4374.3   50.5383
4377.37   50.526
4380.44   50.5149
4383.52   50.5051
4386.6   50.4965
4389.68   50.4892
4392.76   50.4832
4395.84   50.4785
4398.93   50.4751
4402.02   50.4732
4405.11   50.4725
4408.2   50.4732
4411.3   50.4753
4414.4   50.4786
4417.49   50.4833
4420.6   50.4892
4423.7   50.4964
4426.81   50.5048
4429.91   50.5144
4433.03   50.5252
4436.14   50.537
4439.25   50.5498
4442.37   50.5637
4445.49   50.5785
4448.61   50.5941
4451.73   50.6106
4454.86   50.6277
4464.25   50.6829
4473.66   50.742
4483.09   50.8027
4492.54   50.8628
4502.01   50.92
4511.5   50.9723
4514.67   50.9883
4517.84   51.0034
4521.01   51.0176
4524.18   51.0308
4527.36   51.0431
4530.54   51.0542
4533.72   51.0642
4536.9   51.073
4540.09   51.0807
4543.28   51.087
4546.47   51.0921
4549.66   51.0959
4552.85   51.0984
4556.05   51.0995
4559.25   51.0993
4562.45   51.0978
4565.66   51.0949
4568.86   51.0906
4572.07   51.085
4575.28   51.0782
4578.49   51.07
4581.71   51.0606
4584.92   51.0499
4588.14   51.0381
4591.36   51.0251
4594.59   51.011
4597.81   50.9959
4626.95   50.8238
4656.27   50.6267
4685.78   50.4656
4689.07   50.4523
4692.36   50.4402
4695.66   50.4292
4698.95   50.4194
4702.25   50.4109
4705.56   50.4037
4708.86   50.3977
4712.17   50.3931
4715.47   50.3899
4718.79   50.388
4722.1   50.3875
4725.41   50.3883
4728.73   50.3904
4732.05   50.3939
4735.37   50.3986
4738.7   50.4047
4742.03   50.4119
4745.36   50.4204
4748.69   50.43
4752.02   50.4408
4755.36   50.4526
4758.7   50.4654
4762.04   50.4791
4765.38   50.4937
4768.73   50.5091
4772.08   50.5253
4775.43   50.542
4785.49   50.5954
4795.58   50.6516
4805.69   50.7081
4809.07   50.7267
4812.44   50.7449
4815.82   50.7627
4819.2   50.78
4822.59   50.7967
4825.97   50.8128
4829.36   50.8281
4832.75   50.8427
4836.15   50.8563
4839.54   50.8691
4842.94   50.8808
4846.34   50.8914
4849.74   50.9009
4853.15   50.9093
4856.55   50.9164
4859.96   50.9223
4863.38   50.9269
4866.79   50.9302
4870.21   50.9322
4873.63   50.9328
4877.05   50.9321
4880.48   50.93
4883.9   50.9266
4887.33   50.9218
4890.76   50.9157
4894.2   50.9083
4897.63   50.8996
4901.07   50.8897
4904.51   50.8786
4907.96   50.8664
4911.4   50.8531
4914.85   50.8387
4918.3   50.8233
4921.76   50.8071
4925.21   50.7899
4928.67   50.7721
4939.06   50.7147
4949.47   50.6534
4959.9   50.5906
4970.36   50.5289
4980.84   50.4708
4991.34   50.4186
4994.84   50.4028
4998.35   50.388
5001.86   50.3742
5005.37   50.3615
5008.88   50.35
5012.4   50.3396
5015.92   50.3305
5019.44   50.3226
5022.97   50.316
5026.49   50.3107
5030.02   50.3068
5033.55   50.3042
5037.09   50.303
5040.62   50.3031
5044.16   50.3046
5047.71   50.3074
5051.25   50.3115
5054.8   50.3169
5058.35   50.3235
5061.9   50.3314
5065.45   50.3404
5069.01   50.3505
5072.57   50.3617
5076.13   50.3739
5079.69   50.387
5083.26   50.4009
5086.83   50.4156
5097.55   50.4636
5108.3   50.5153
5119.07   50.5684
5129.86   50.6202
5140.67   50.6682
5151.51   50.71
5155.12   50.7221
5158.74   50.7333
5162.36   50.7434
5165.99   50.7524
5169.62   50.7603
5173.25   50.7669
5176.88   50.7723
5180.51   50.7764
5184.15   50.7791
5187.79   50.7805
5191.43   50.7806
5195.08   50.7793
5198.73   50.7767
5202.38   50.7727
5206.03   50.7674
5209.68   50.7608
5213.34   50.7529
5217   50.7437
5220.67   50.7334
5224.33   50.7219
5228   50.7093
5231.67   50.6956
5235.34   50.681
5239.02   50.6655
5242.7   50.6491
5246.38   50.632
5250.06   50.6143
5261.13   50.558
5272.22   50.4991
5283.33   50.4402
5287.04   50.4211
5290.76   50.4023
5294.47   50.3841
5298.19   50.3664
5301.91   50.3495
5305.63   50.3332
5309.36   50.3179
5313.08   50.3034
5316.82   50.2899
5320.55   50.2775
5324.28   50.2662
5328.02   50.2561
5331.76   50.2472
5335.51   50.2395
5339.25   50.2332
5343   50.2281
5346.75   50.2244
5350.51   50.2221
5354.27   50.2211
5358.02   50.2214
5361.79   50.2231
5365.55   50.2262
5369.32   50.2305
5373.09   50.2361
5376.86   50.2429
5380.64   50.2509
5384.42   50.2601
5388.2   50.2703
5391.98   50.2815
5395.77   50.2937
5399.55   50.3067
5403.35   50.3204
5407.14   50.3349
5410.94   50.35
5414.73   50.3656
5418.54   50.3815
5429.96   50.4309
5441.4   50.4804
5452.87   50.5271
5456.7   50.5416
5460.53   50.5554
5464.37   50.5685
5468.21   50.5807
5472.05   50.592
5475.89   50.6022
5479.73   50.6114
5483.58   50.6195
5487.43   50.6264
5491.28   50.6321
5495.14   50.6364
5499   50.6395
5502.86   50.6413
5506.72   50.6417
5510.59   50.6407
5514.46   50.6384
5518.33   50.6347
5522.2   50.6297
5526.08   50.6234
5529.96   50.6158
5533.84   50.607
5537.73   50.597
5541.62   50.5858
5545.51   50.5735
5549.4   50.5602
5553.3   50.546
5557.2   50.5309
5568.91   50.4813
5580.65   50.4271
5592.42   50.371
5604.2   50.316
5616.02   50.2647
5627.86   50.2199
5631.81   50.2067
5635.76   50.1946
5639.72   50.1836
5643.68   50.1738
5647.64   50.1652
5651.61   50.1578
5655.57   50.1517
5659.55   50.1469
5663.52   50.1435
5667.5   50.1414
5671.48   50.1407
5675.46   50.1414
5679.44   50.1434
5683.43   50.1467
5687.42   50.1513
5691.41   50.1571
5695.41   50.1642
5699.41   50.1724
5703.41   50.1817
5707.42   50.192
5711.42   50.2032
5715.43   50.2154
5719.45   50.2283
5723.46   50.2419
5727.48   50.2561
5731.5   50.2708
5735.53   50.2859
5747.62   50.3326
5759.73   50.3789
5771.87   50.422
5775.93   50.4352
5779.98   50.4477
5784.04   50.4593
5788.1   50.47
5792.17   50.4796
5796.23   50.4882
5800.3   50.4957
5804.38   50.502
5808.45   50.507
5812.53   50.5107
5816.61   50.5131
5820.7   50.5142
5824.78   50.514
5828.87   50.5124
5832.96   50.5094
5837.06   50.5051
5841.16   50.4994
5845.26   50.4925
5849.36   50.4843
5853.47   50.4749
5857.58   50.4643
5861.69   50.4527
5865.81   50.44
5869.93   50.4264
5874.05   50.4119
5878.17   50.3966
5882.3   50.3807
5894.7   50.3298
5907.13   50.2766
5919.58   50.224
5923.74   50.2072
5927.89   50.1908
5932.06   50.1751
5936.22   50.16
5940.39   50.1458
5944.56   50.1324
5948.74   50.12
5952.91   50.1087
5957.09   50.0985
5961.27   50.0894
5965.46   50.0816
5969.65   50.0751
5973.84   50.0699
5978.03   50.066
5982.23   50.0634
5986.43   50.0623
5990.64   50.0624
5994.84   50.064
5999.05   50.0668
6003.26   50.071
6007.48   50.0764
6011.7   50.083
6015.92   50.0908
6020.14   50.0996
6024.37   50.1095
6028.6   50.1203
6032.83   50.132
6045.55   50.1711
6058.29   50.2144
6071.06   50.2586
6075.33   50.2731
6079.59   50.2872
6083.86   50.3009
6088.13   50.314
6092.41   50.3264
6096.68   50.3381
6100.97   50.3489
6105.25   50.3588
6109.54   50.3677
6113.83   50.3755
6118.12   50.3821
6122.41   50.3875
6126.71   50.3917
6131.02   50.3945
6135.32   50.396
6139.63   50.3962
6143.94   50.395
6148.25   50.3925
6152.57   50.3886
6156.89   50.3833
6161.21   50.3768
6165.54   50.369
6169.87   50.36
6174.2   50.3499
6178.54   50.3386
6182.87   50.3264
6187.21   50.3132
6200.26   50.269
6213.33   50.22
6226.42   50.1691
6230.8   50.1523
6235.17   50.1358
6239.55   50.1197
6243.93   50.1041
6248.31   50.089
6252.7   50.0747
6257.09   50.0612
6261.48   50.0486
6265.88   50.0369
6270.28   50.0264
6274.68   50.0169
6279.09   50.0087
6283.5   50.0017
6287.91   49.996
6292.33   49.9916
6296.74   49.9886
6301.16   49.9869
6305.59   49.9866
6310.02   49.9876
6314.45   49.99
6318.88   49.9936
6323.32   49.9986
6327.76   50.0047
6332.2   50.012
6336.65   50.0204
6341.1   50.0298
6345.55   50.0402
6358.92   50.0758
6372.33   50.1161
6385.76   50.1579
6390.24   50.1717
6394.73   50.1851
6399.22   50.1981
6403.71   50.2106
6408.21   50.2224
6412.71   50.2335
6417.21   50.2437
6421.72   50.253
6426.23   50.2613
6430.74   50.2684
6435.26   50.2744
6439.77   50.2792
6444.3   50.2827
6448.82   50.2849
6453.35   50.2857
6457.88   50.2852
6462.41   50.2834
6466.95   50.2802
6507.93   50.1965
6549.17   50.0562
6590.68   49.9412
6595.3   49.9333
6599.94   49.9267
6604.57   49.9213
6609.21   49.9173
6613.85   49.9146
6618.49   49.9133
6623.14   49.9134
6627.79   49.9148
6632.44   49.9175
6637.1   49.9215
6641.76   49.9267
6646.42   49.9332
6651.09   49.9407
6655.76   49.9493
6660.43   49.9588
6665.11   49.9692
6669.79   49.9804
6674.47   49.9922
6688.54   50.0303
6702.64   50.07
6716.77   50.1078
6721.49   50.1194
6726.21   50.1303
6730.93   50.1405
6735.65   50.1497
6740.38   50.1579
6745.12   50.1651
6749.85   50.1712
6754.59   50.176
6759.34   50.1796
6764.08   50.1818
6768.83   50.1827
6773.58   50.1823
6778.34   50.1805
6783.1   50.1774
6787.86   50.1729
6792.63   50.1672
6797.4   50.1601
6802.17   50.1518
6806.95   50.1424
6811.73   50.1319
6816.51   50.1205
6821.29   50.1081
6826.08   50.0949
6830.88   50.081
6835.67   50.0666
6840.47   50.0517
6845.28   50.0364
6859.71   49.99
6874.16   49.9453
6888.65   49.9055
6893.49   49.8939
6898.33   49.8833
6903.18   49.8737
6908.02   49.8653
6912.87   49.8581
6917.73   49.8521
6922.58   49.8475
6927.44   49.8442
6932.31   49.8422
6937.18   49.8417
6942.05   49.8424
6946.92   49.8445
6951.8   49.8479
6956.68   49.8526
6961.57   49.8584
6966.45   49.8654
6971.34   49.8735
6976.24   49.8825
6990.95   49.9142
7005.68   49.9507
7020.45   49.9884
7025.38   50.0006
7030.31   50.0125
7035.25   50.0238
7040.19   50.0345
7045.13   50.0444
7050.08   50.0535
7055.03   50.0617
7059.98   50.0688
7064.94   50.0747
7069.9   50.0795
7074.86   50.083
7079.83   50.0852
7084.8   50.0861
7089.78   50.0856
7094.75   50.0838
7099.74   50.0806
7104.72   50.0761
7109.71   50.0702
7154.76   49.9705
7200.1   49.8421
7245.73   49.7737
7250.82   49.7724
7255.91   49.7725
7261.01   49.7739
7266.1   49.7767
7271.21   49.7807
7276.31   49.7859
7281.42   49.7923
7286.53   49.7997
7291.65   49.8081
7307.02   49.8382
7322.42   49.873
7337.86   49.9088
7343.01   49.9204
7348.17   49.9315
7353.33   49.9421
7358.49   49.952
7363.65   49.961
7368.83   49.9692
7374   49.9764
7379.18   49.9824
7384.36   49.9873
7389.54   49.991
7394.73   49.9934
7399.92   49.9944
7405.12   49.9941
7410.32   49.9925
7415.52   49.9894
7420.73   49.9851
7425.94   49.9794
7431.15   49.9725
7436.37   49.9644
7441.59   49.9552
7446.82   49.9449
7452.05   49.9338
7457.28   49.9217
7462.52   49.909
7467.76   49.8957
7473   49.8819
7478.25   49.8679
7494.01   49.8251
7509.81   49.7845
7525.64   49.7498
7530.92   49.74
7536.21   49.7313
7541.5   49.7238
7546.79   49.7175
7552.09   49.7125
7557.4   49.7088
7562.7   49.7064
7568.01   49.7054
7573.33   49.7058
7578.64   49.7075
7583.97   49.7105
7589.29   49.7147
7594.62   49.7202
7599.95   49.7267
7605.29   49.7343
7610.63   49.7428
7615.97   49.7521
7621.32   49.7621
7637.38   49.795
7653.48   49.8292
7669.62   49.8608
7675   49.8702
7680.39   49.8787
7685.78   49.8863
7691.18   49.8929
7696.58   49.8984
7701.98   49.9026
7707.39   49.9057
7712.8   49.9074
7718.22   49.9077
7723.64   49.9068
7729.06   49.9044
7734.49   49.9007
7739.92   49.8957
7745.35   49.8895
7750.79   49.882
7756.24   49.8734
7761.68   49.8637
7767.13   49.8531
7783.5   49.8166
7799.91   49.776
7816.35   49.7352
7821.84   49.7223
7827.33   49.7099
7832.83   49.6982
7838.33   49.6873
7843.83   49.6773
7849.34   49.6683
7854.85   49.6605
7860.37   49.6538
7865.89   49.6484
7871.41   49.6444
7876.94   49.6416
7882.47   49.6402
7888   49.6402
7893.54   49.6415
7899.08   49.6442
7904.63   49.6481
7910.18   49.6532
7915.73   49.6594
7932.42   49.6837
7949.14   49.7141
7965.89   49.7468
7971.49   49.7576
7977.09   49.768
7982.69   49.7779
7988.29   49.7871
7993.9   49.7956
7999.51   49.8033
8005.13   49.81
8010.75   49.8155
8016.38   49.8199
8022   49.8231
8027.64   49.825
8033.27   49.8255
8038.91   49.8247
8044.56   49.8225
8050.21   49.819
8055.86   49.8142
8061.52   49.8081
8067.18   49.8007
8084.18   49.7724
8101.22   49.7367
8118.3   49.6973
8124   49.684
8129.7   49.671
8135.41   49.6583
8141.12   49.6461
8146.84   49.6345
8152.56   49.6237
8158.28   49.6138
8164.01   49.6049
8169.75   49.597
8175.48   49.5904
8181.22   49.585
8186.97   49.5809
8192.71   49.5782
8198.47   49.5768
8204.22   49.5768
8209.98   49.5781
8215.75   49.5807
8221.52   49.5846
8227.29   49.5897
8233.07   49.5958
8238.85   49.603
8244.63   49.611
8250.42   49.6199
8256.21   49.6293
8262.01   49.6392
8267.81   49.6495
8273.62   49.66
8279.43   49.6705
8285.24   49.6808
8291.06   49.6909
8296.88   49.7005
8302.71   49.7096
8308.54   49.7179
8314.37   49.7254
8320.21   49.732
8326.05   49.7374
8331.9   49.7417
8337.75   49.7448
8343.6   49.7465
8349.46   49.747
8355.32   49.7461
8361.19   49.7438
8367.06   49.7402
8372.93   49.7353
8378.81   49.7291
8384.7   49.7217
8390.58   49.7132
8396.47   49.7037
8402.37   49.6933
8408.27   49.6821
8414.17   49.6703
8420.08   49.658
8425.99   49.6454
8431.91   49.6326
8437.83   49.6198
8443.75   49.6071
8449.68   49.5947
8455.62   49.5828
8461.55   49.5715
8467.49   49.5609
8473.44   49.5512
8479.39   49.5424
8485.34   49.5348
8491.3   49.5283
8497.26   49.5231
8503.23   49.5192
8509.2   49.5166
8515.17   49.5154
8521.15   49.5155
8527.14   49.517
8533.12   49.5198
8539.12   49.5238
8557.12   49.5423
8575.15   49.5684
8593.23   49.5981
8599.26   49.608
8605.3   49.6178
8611.34   49.6271
8617.39   49.6359
8623.44   49.644
8629.49   49.6513
8635.55   49.6576
8641.62   49.6629
8647.69   49.667
8653.76   49.6699
8659.83   49.6715
8665.91   49.6717
8672   49.6706
8678.09   49.6682
8684.18   49.6644
8690.28   49.6593
8696.38   49.653
8702.49   49.6455
8720.83   49.617
8739.21   49.5822
8757.63   49.5452
8763.78   49.5331
8769.94   49.5214
8776.1   49.5103
8782.26   49.4999
8788.42   49.4904
8794.59   49.4818
8800.77   49.4743
8806.95   49.468
8813.13   49.4629
8819.32   49.4591
8825.51   49.4567
8831.71   49.4556
8837.91   49.4559
8844.12   49.4575
8850.33   49.4604
8856.54   49.4645
8862.76   49.4697
8868.98   49.476
8887.68   49.4998
8906.41   49.5279
8925.19   49.5561
8931.45   49.5647
8937.72   49.5727
8944   49.5798
8950.28   49.5861
8956.56   49.5913
8962.85   49.5953
8969.15   49.5982
8975.44   49.5997
8981.75   49.6
8988.05   49.5988
8994.36   49.5963
9000.68   49.5925
9007   49.5874
9013.32   49.581
9019.65   49.5735
9025.98   49.565
9032.32   49.5555
9038.66   49.5452
9057.72   49.511
9076.81   49.4752
9095.94   49.4424
9102.33   49.4329
9108.72   49.4243
9115.12   49.4167
9121.52   49.4103
9127.92   49.4051
9134.33   49.4013
9140.74   49.3987
9147.16   49.3975
9153.59   49.3977
9160.01   49.3992
9166.44   49.402
9172.88   49.406
9179.32   49.4111
9185.77   49.4172
9192.22   49.4243
9198.67   49.4321
9205.13   49.4405
9211.59   49.4494
9231.01   49.477
9250.47   49.5024
9269.97   49.5215
9276.48   49.5258
9282.99   49.5288
9289.51   49.5307
9296.03   49.5312
9302.56   49.5303
9309.09   49.5281
9315.63   49.5246
9322.17   49.5197
9328.71   49.5137
9348.38   49.4889
9368.08   49.457
9387.83   49.4223
9394.42   49.4109
9401.02   49.3999
9407.62   49.3894
9414.22   49.3797
9420.83   49.3708
9427.45   49.3629
9434.07   49.356
9440.69   49.3504
9447.32   49.346
9453.95   49.343
9460.59   49.3413
9467.23   49.341
9473.88   49.342
9480.53   49.3443
9487.19   49.3478
9493.85   49.3525
9500.52   49.3582
9507.19   49.3648
9527.23   49.3888
9547.31   49.4153
9567.44   49.4396
9574.15   49.4464
9580.88   49.4524
9587.6   49.4573
9594.34   49.461
9601.07   49.4636
9607.81   49.4648
9614.56   49.4647
9621.31   49.4633
9628.07   49.4605
9634.83   49.4564
9641.59   49.451
9648.36   49.4445
9655.14   49.4368
9661.92   49.4282
9668.7   49.4187
9675.49   49.4085
9682.28   49.3978
9689.08   49.3867
9709.5   49.353
9729.97   49.3227
9750.48   49.2998
9757.33   49.2945
9764.18   49.2904
9771.03   49.2877
9777.9   49.2863
9784.76   49.2863
9791.63   49.2876
9798.51   49.2901
9805.39   49.2939
9812.27   49.2988
9832.95   49.3188
9853.68   49.3437
9874.45   49.3686
9881.39   49.3761
9888.32   49.3828
9895.27   49.3887
9902.22   49.3936
9909.17   49.3974
9916.13   49.3999
9923.09   49.4012
9930.06   49.4012
9937.03   49.3998
9944.01   49.397
9950.99   49.3929
9957.97   49.3876
9964.97   49.3811
9971.96   49.3735
9978.97   49.3649
9985.97   49.3555
9992.98   49.3455
10000   49.3349
10191.3   49.3108
10386.3   49.19
10585   49.2717
10607.3   49.2518
10629.7   49.2241
10652.1   49.1931
10659.6   49.183
10667.1   49.1734
10674.5   49.1644
10682   49.1561
10689.5   49.1488
10697   49.1426
10704.6   49.1376
10712.1   49.1338
10719.6   49.1314
10727.1   49.1303
10734.7   49.1306
10742.2   49.1321
10749.7   49.135
10757.3   49.1389
10764.8   49.1439
10772.4   49.1498
10780   49.1564
10787.5   49.1636
10810.3   49.1865
10833.1   49.2071
10855.9   49.2206
10863.5   49.2229
10871.1   49.2239
10878.8   49.2235
10886.4   49.2218
10894.1   49.2187
10901.7   49.2144
10909.4   49.2088
10917   49.2021
10924.7   49.1944
10947.7   49.1669
10970.8   49.1368
10993.9   49.1095
11001.6   49.102
11009.4   49.0954
11017.1   49.09
11024.8   49.0858
11032.6   49.0829
11040.3   49.0814
11048.1   49.0812
11055.8   49.0823
11063.6   49.0847
11086.9   49.0985
11110.3   49.1189
11133.7   49.1409
11141.5   49.1475
11149.3   49.1536
11157.2   49.1588
11165   49.1631
11172.8   49.1662
11180.7   49.1682
11188.5   49.1688
11196.4   49.1681
11204.2   49.1661
11212.1   49.1627
11220   49.1581
11227.9   49.1522
11235.7   49.1453
11243.6   49.1374
11251.5   49.1288
11259.4   49.1196
11267.3   49.1099
11275.3   49.1001
11283.2   49.0903
11291.1   49.0807
11299   49.0716
11307   49.0631
11314.9   49.0554
11322.8   49.0486
11330.8   49.043
11338.7   49.0386
11346.7   49.0355
11354.7   49.0337
11362.6   49.0333
11370.6   49.0342
11378.6   49.0364
11386.6   49.0398
11394.6   49.0442
11402.6   49.0495
11410.6   49.0556
11418.6   49.0623
11442.7   49.0836
11466.8   49.1025
11491   49.1139
11499   49.1153
11507.1   49.1154
11515.2   49.1142
11523.3   49.1116
11531.4   49.1078
11539.5   49.1026
11547.6   49.0964
11555.7   49.0891
11563.8   49.081
11588.2   49.0534
11612.6   49.0253
11637.1   49.0023
11645.2   48.9966
11653.4   48.9922
11661.6   48.989
11669.8   48.9871
11678   48.9866
11686.2   48.9874
11694.4   48.9895
11702.6   48.9928
11710.8   48.9971
11735.5   49.0148
11760.2   49.0355
11785   49.0533
11793.3   49.0577
11801.6   49.061
11809.9   49.0631
11818.2   49.064
11826.5   49.0635
11834.8   49.0617
11843.1   49.0585
11851.4   49.0541
11859.7   49.0484
12086.6   48.9951
12317.9   48.8976
12553.5   48.8931
12562.3   48.8848
12571.2   48.8771
12580   48.8703
12588.8   48.8645
12597.7   48.8598
12606.5   48.8564
12615.3   48.8544
12624.2   48.8537
12633.1   48.8543
12659.7   48.8633
12686.4   48.8799
12713.1   48.8986
12722.1   48.9042
12731   48.9091
12739.9   48.9131
12748.9   48.9161
12757.8   48.9178
12766.8   48.9183
12775.7   48.9175
12784.7   48.9153
12793.7   48.9118
12820.7   48.8944
12847.7   48.8698
12874.8   48.844
12883.8   48.8363
12892.9   48.8293
12901.9   48.8233
12911   48.8184
12920   48.8147
12929.1   48.8124
12938.2   48.8114
12947.3   48.8117
12956.4   48.8133
12983.7   48.8247
13011   48.8421
13038.5   48.8595
13047.6   48.8642
13056.8   48.8679
13065.9   48.8706
13075.1   48.8721
13084.3   48.8723
13093.5   48.8712
13102.7   48.8687
13111.9   48.865
13121.1   48.86
13148.7   48.8392
13176.5   48.8138
13204.2   48.7904
13213.5   48.784
13222.8   48.7788
13232.1   48.7747
13241.4   48.7718
13250.7   48.7704
13260   48.7702
13269.3   48.7714
13278.6   48.7737
13287.9   48.7772
13315.9   48.7924
13344   48.81
13372.1   48.8235
13381.5   48.8261
13390.9   48.8276
13400.3   48.8277
13409.7   48.8265
13419.1   48.8239
13428.6   48.8201
13438   48.8151
13447.4   48.809
13456.9   48.802
13485.2   48.7777
13513.7   48.7538
13542.1   48.7364
13551.6   48.7328
13561.2   48.7306
13570.7   48.7298
13580.2   48.7302
13589.7   48.7319
13599.3   48.7348
13608.8   48.7387
13618.4   48.7434
13628   48.7487
13637.5   48.7544
13647.1   48.7602
13656.7   48.7658
13666.3   48.7711
13675.9   48.7757
13685.5   48.7795
13695.1   48.7823
13704.7   48.7839
13714.3   48.7842
13723.9   48.7832
13733.6   48.7809
13743.2   48.7772
13752.9   48.7724
13762.5   48.7664
13772.2   48.7596
13781.9   48.7521
13791.5   48.7441
13801.2   48.7358
13810.9   48.7277
13820.6   48.7198
13830.3   48.7125
13840   48.7059
13849.7   48.7003
13859.5   48.6958
13869.2   48.6926
13878.9   48.6907
13888.7   48.6902
13918   48.696
13947.3   48.7102
13976.7   48.7268
13986.5   48.7317
13996.3   48.7358
14006.2   48.739
14016   48.7411
14025.8   48.7419
14035.7   48.7415
14045.5   48.7397
14055.4   48.7365
14065.3   48.7321
14094.9   48.7129
14124.6   48.6891
14154.4   48.6674
14164.3   48.6618
14174.3   48.6573
14184.2   48.654
14194.2   48.6521
14204.2   48.6514
14214.1   48.6522
14224.1   48.6541
14234.1   48.6572
14244.1   48.6611
14274.1   48.6766
14304.2   48.6917
14334.4   48.7001
14344.4   48.7005
14354.5   48.6996
14364.6   48.6973
14374.7   48.6938
14384.8   48.6891
14394.9   48.6832
14405   48.6765
14415.1   48.6692
14425.2   48.6614
14435.3   48.6535
14445.5   48.6457
14455.6   48.6383
14465.8   48.6315
14475.9   48.6256
14486.1   48.6207
14496.3   48.617
14506.4   48.6146
14516.6   48.6136
14547.2   48.6181
14577.9   48.6312
14608.6   48.6469
14618.9   48.6514
14629.1   48.6552
14639.4   48.658
14649.7   48.6597
14660   48.6601
14670.3   48.6592
14680.6   48.6569
14690.9   48.6534
14701.2   48.6486
14732.2   48.6288
14763.2   48.6058
14794.4   48.5866
14804.7   48.5821
14815.1   48.5789
14825.5   48.5769
14835.9   48.5764
14846.4   48.5771
14856.8   48.579
14867.2   48.5821
14877.7   48.586
14888.1   48.5906
14898.6   48.5957
14909   48.6009
14919.5   48.606
14930   48.6106
14940.4   48.6146
14950.9   48.6178
14961.4   48.6198
14971.9   48.6206
14982.5   48.6202
14993   48.6183
15003.5   48.6152
15014   48.6108
15024.6   48.6054
15035.1   48.599
15045.7   48.5919
15056.2   48.5844
15066.8   48.5768
15077.4   48.5693
15088   48.5621
15098.6   48.5557
15109.2   48.5501
15119.8   48.5456
15130.4   48.5424
15141   48.5405
15151.7   48.5399
15162.3   48.5406
15172.9   48.5425
15204.9   48.554
15237   48.5689
15269.1   48.5799
15279.8   48.5816
15290.5   48.582
15301.3   48.5811
15312   48.5789
15322.8   48.5754
15333.5   48.5707
15344.3   48.565
15355.1   48.5584
15365.9   48.5513
15376.7   48.5438
15387.4   48.5363
15398.3   48.5291
15409.1   48.5224
15419.9   48.5165
15430.7   48.5116
15441.5   48.5079
15452.4   48.5054
15463.2   48.5043
15495.8   48.5086
15528.5   48.5211
15561.2   48.5353
15572.2   48.5391
15583.1   48.5419
15594   48.5437
15605   48.5443
15615.9   48.5435
15626.9   48.5414
15637.9   48.538
15648.9   48.5334
15659.8   48.5278
15692.9   48.5069
15725.9   48.486
15759.1   48.4722
16060.6   48.4422
16367.9   48.4117
16681   48.3794
17656.9   48.2743
18689.8   48.1946
19783.2   48.0994
20940.5   48.0051
22165.6   47.894
23462.3   47.8016
24834.9   47.6961
26287.7   47.598
27825.6   47.4911
29453.4   47.3996
31176.5   47.2933
33000.3   47.2022
33631.7   47.169
34275.2   47.135
34930.9   47.0996
35599.2   47.0629
36280.3   47.0276
36974.4   46.998
37681.8   46.9713
38402.7   46.9352
39137.5   46.8973
41427   46.8047
43850.6   46.7022
46415.9   46.6056
49131.3   46.511
52005.5   46.412
55047.9   46.3183
58268.3   46.2202
61677   46.1244
65285.2   46.0249
66534.3   45.9931
67807.2   45.9608
69104.5   45.9286
70426.6   45.8976
71774   45.8672
73147.2   45.8333
74546.6   45.8021
75972.9   45.7697
77426.4   45.739
78907.7   45.7053
80417.4   45.6736
81955.9   45.6424
83523.9   45.6108
85121.9   45.5786
86750.4   45.5462
88410.1   45.515
90101.6   45.4842
91825.4   45.451
93582.2   45.4207
95372.7   45.3885
97197.3   45.3561
99056.9   45.3245
100952   45.2929
102883   45.2614
104852   45.2306
106858   45.199
108902   45.1669
110986   45.1357
113109   45.1047
115273   45.0731
117479   45.0416
119726   45.0104
122017   44.9786
124351   44.9469
126730   44.916
129155   44.8847
131626   44.853
134144   44.8217
136711   44.7907
139326   44.7597
141992   44.7279
144708   44.6972
147477   44.6661
150299   44.6348
153174   44.6038
156105   44.5724
159091   44.5413
162135   44.5101
165237   44.4792
168398   44.4482
171620   44.417
174903   44.3863
178250   44.355
181660   44.3243
185136   44.2934
188678   44.2623
192287   44.2318
195966   44.2006
199715   44.1698
203536   44.139
207430   44.1085
211399   44.0774
215443   44.0467
219565   44.016
223766   43.9854
228047   43.9547
232410   43.9241
236857   43.8934
241388   43.8627
246006   43.8322
250713   43.8017
255510   43.771
260398   43.7406
265380   43.71
270457   43.6795
275632   43.6492
280905   43.6187
286279   43.5883
291757   43.5578
297338   43.5275
303027   43.4971
308825   43.4667
314733   43.4365
320755   43.4062
326891   43.3758
333145   43.3455
339519   43.3153
346015   43.2852
352635   43.255
359381   43.2247
366257   43.1946
373264   43.1645
380406   43.1344
387684   43.1043
395101   43.0743
402660   43.0442
410363   43.0142
418215   42.9842
426216   42.9542
434370   42.9242
442681   42.8943
451150   42.8644
459781   42.8345
468578   42.8046
477543   42.7748
486679   42.7449
495990   42.7151
505480   42.6853
515151   42.6555
525006   42.6258
535051   42.596
545287   42.5663
555720   42.5367
566352   42.507
577187   42.4773
588230   42.4477
599484   42.4181
610954   42.3885
622642   42.359
634555   42.3294
646695   42.2999
659068   42.2704
671677   42.2409
684528   42.2114
697624   42.182
710971   42.1526
724573   42.1232
738436   42.0938
752564   42.0644
766962   42.0351
781635   42.0058
796589   41.9765
811830   41.9472
827362   41.9179
843191   41.8887
859323   41.8595
875763   41.8303
892519   41.8011
909594   41.7719
926997   41.7428
944732   41.7137
962807   41.6846
981227   41.6555
